# NaN NaN NaN ;Mean Elev.(m), Avg Gradient(m/km), RMS Gradient(m/km) - SRTM1     
#  -13.652  -1.866   7.522 ;Mean Elev.(m), Avg Gradient(m/km), RMS Gradient(m/km) - ASTER GDEM
#   14.008  -0.783   2.858 ;Mean Elev.(m), Avg Gradient(m/km), RMS Gradient(m/km) - GMTED2010 
   1  87.563523  63.945880    13.191    13.191  2 54664.24531241 35.828
   2  87.582207  63.950946    13.687    13.299  9 54674.16095936 29.208
   3  87.586311  63.953449   -21.846   -21.788  9 54684.07660330  6.095
   4  87.586418  63.953985    34.565    39.240  9 54693.99224531 29.466
   5  87.584218  63.952043   -18.877   -18.874  9 54703.90788436 12.748
   6  87.582983  63.949583    12.857    12.887  9 54713.82353430 54.815
   7  87.582189  63.947756   -23.213   -16.006 10 54723.73918465 21.338
   8  87.580014  63.947528    14.291    13.924 10 54733.65483277 40.146
   9  87.582693  63.950068    35.932    37.827 10 54743.57048022 27.716
  10  87.585613  63.952103    36.085    39.458  9 54753.48612734 28.143
  11  87.582134  63.950946    12.325    12.346  9 54763.40177304 33.556
  12  87.581047  63.948435    12.248    12.192 10 54773.31741624 48.499
  13  87.579701  63.946337    12.080    12.068 10 54783.23305667 45.974
  14  87.581635  63.946697    13.761    13.706 10 54793.14869533 33.480
  17  87.583693  63.950222    21.894    21.909  9 54822.89561337 17.850
  18  87.583552  63.949837    21.775    21.863 10 54832.81125354 18.024
  19  87.581643  63.949989    26.956    22.066  9 54842.72690345 15.509
  20  87.582290  63.951962    27.068    28.914  9 54852.64255264 13.706
  21  87.587025  63.955162    23.674    22.335  9 54862.55820204 14.434
  22  87.586113  63.955947    22.561    22.536  9 54872.47385067 14.099
  23  87.586566  63.954581    22.249    22.317  9 54882.38949725 13.736
  24  87.581995  63.950620    22.107    22.207  9 54892.30513980 14.340
  25  87.580920  63.948087    31.212    33.464  9 54902.22077997 13.183
  26  87.579898  63.948092    21.631    21.657 10 54912.13641881 14.040
  27  87.583360  63.950504    27.865    28.482  9 54922.05205723 14.320
  28  87.583986  63.951551    38.653    38.754 10 54931.96769455 13.244
  29  87.583877  63.950022    20.743    21.334 10 54941.88332994 13.739
  30  87.577398  63.945827    15.745    15.720 10 54951.79896280 28.566
  31  87.576259  63.943828    21.516    21.417 10 54961.71460439 44.157
  32  87.577121  63.945073    24.641    24.625 10 54971.63025323 32.315
  33  87.581952  63.948334    38.055    38.201 10 54981.54590154 36.352
  34  87.584617  63.950934    22.668    22.664  9 54991.46154929 28.341
  35  87.584306  63.951422    36.472    38.668 10 55001.37719613 26.492
  36  87.585321  63.951463    15.142    15.119  9 55011.29284124 53.347
  37  87.585113  63.951044    31.446    30.777  9 55021.20848469 21.731
  38  87.586143  63.952168    13.181    13.188  9 55031.12412731 55.484
  39  87.582847  63.952866    23.684    17.907  9 55041.03976878 26.170
  40  87.585213  63.953636    12.645    12.637  9 55050.95540929 29.593
  41  87.581744  63.951173    12.704    12.689  9 55060.87104683 45.181
  42  87.581626  63.948372    12.576    12.490  9 55070.78668829 54.437
  43  87.577980  63.945886    19.149    19.290 10 55080.70233676 24.916
  44  87.579574  63.946646    33.412    33.465 10 55090.61798428 24.046
  45  87.583440  63.949566    36.973    38.391 10 55100.53363139 28.293
  46  87.583320  63.951462    24.417    30.282  9 55110.44927759 30.096
  47  87.583470  63.951025    36.275    38.853 10 55120.36492185 27.156
  48  87.580571  63.948068    12.225    12.205 10 55130.28056293 49.935
  49  87.579646  63.945779    12.166    12.118 10 55140.19620222 42.094
  50  87.580565  63.946204    14.279    13.685 10 55150.11184091 35.468
  51  87.581444  63.948347    15.570    14.339 10 55160.02747955 28.557
  52  87.582323  63.950228    21.152    21.566 10 55169.94311777 21.201
  53  87.583295  63.950614    21.545    21.637 10 55179.85875462 19.768
  54  87.583272  63.950212    21.345    21.441 10 55189.77440168 19.197
  55  87.584630  63.950994    21.429    21.433  9 55199.69005230 18.063
  56  87.586721  63.952641    21.768    21.759  9 55209.60570235 17.429
  57  87.584935  63.953620    22.170    22.231  9 55219.52135154 15.406
  58  87.584715  63.953555    22.062    22.083  9 55229.43699990 15.444
  59  87.583198  63.951882    21.959    22.004  9 55239.35264482 15.317
  60  87.582757  63.949585    21.785    21.911 10 55249.26828617 15.935
  61  87.582633  63.948189    21.283    21.259 10 55259.18392525 15.246
  62  87.581264  63.947976    21.441    21.516  9 55269.09956352 13.920
  63  87.581062  63.948990    21.714    21.792  9 55279.01520177 13.597
  64  87.583275  63.949792    32.360    34.834 10 55288.93083893 13.528
  65  87.582508  63.948658    30.597    31.305 10 55298.84647325 13.168
  66  87.577623  63.946153    23.104    20.238 10 55308.76211607  8.904
  67  87.576552  63.945142    15.749    14.463 10 55318.67776191 26.754
  68  87.581793  63.946846    30.207    37.335 10 55328.59340758 28.368
  69  87.583388  63.949093    31.445    32.487 10 55338.50905247 39.614
  70  87.584038  63.950919    25.790    22.303 10 55348.42469686 49.086
  71  87.582465  63.951270    20.253    20.247  9 55358.34033907 55.551
  72  87.582293  63.951131    24.395    26.609  9 55368.25597926 31.196
  73  87.583200  63.951048    38.967    39.013  9 55378.17161805 34.485
  74  87.582343  63.950957    13.854    13.948  9 55388.08725587 39.601
  75  87.584126  63.951209    14.020    14.040 10 55398.00289300 54.568
  76  87.584635  63.950626    36.091    39.068  9 55407.91853729 25.060
  77  87.583312  63.949298    24.913    23.396 10 55417.83418796 28.413
  78  87.580732  63.947496    36.506    37.921  9 55427.74983501 24.527
  79  87.582849  63.947611    38.200    38.255 10 55437.66548004 33.927
  80  87.580400  63.947937    37.873    38.064 10 55447.58112337 32.503
  81  87.583251  63.949434    33.729    38.606  9 55457.49676700 33.199
  82  87.581183  63.949317    38.276    38.354  9 55467.41240935 30.024
  83  87.581256  63.948270    36.702    38.166  9 55477.32804857 28.340
  84  87.582466  63.947000    38.058    38.131 10 55487.24368470 31.288
  85  87.576600  63.944918    12.791    12.731 10 55497.15931785 45.240
  86  87.577470  63.945907    26.525    21.681 10 55507.07495471 28.962
  87  87.582370  63.948815    11.890    11.823 10 55516.99060581 47.171
  88  87.582383  63.950333    13.517    13.500 10 55526.90625540 31.883
  89  87.582060  63.950932    13.087    13.049  9 55536.82190289 26.287
  90  87.585276  63.951853    13.287    13.244  9 55546.73754853 22.092
  91  87.585067  63.952436    13.932    13.926  9 55556.65319206 24.867
  92  87.583356  63.952779    16.083    15.034  9 55566.56883460 21.864
  93  87.583707  63.952380    21.323    21.231  9 55576.48447661 17.709
  94  87.583313  63.950414    20.790    20.909  9 55586.40011655 17.899
  95  87.582788  63.947860    20.803    20.701 10 55596.31575322 17.648
  96  87.577454  63.945400    21.549    21.587 10 55606.23138639 16.662
  97  87.581019  63.945936    21.134    21.185 10 55616.14701850 17.168
  98  87.582854  63.947564    27.103    27.483 10 55626.06266094 14.940
  99  87.581476  63.948216    23.143    21.724  9 55635.97831276 13.893
 100  87.580625  63.947870    39.438    39.405 10 55645.89396245 14.115
 102  87.578997  63.946146    17.321    18.135 10 55665.72525173 12.918
 103  87.581154  63.947083    34.704    37.155 10 55675.64089168 35.277
 104  87.582590  63.948646    23.491    23.495  9 55685.55652992 51.896
 105  87.582881  63.949651    38.646    38.829  9 55695.47216687 29.008
 106  87.581895  63.949430    37.355    38.434 10 55705.38780234 26.130
 107  87.582030  63.949507    34.832    34.540 10 55715.30345053 20.965
 108  87.583520  63.950392    13.601    13.643 10 55725.21909966 52.780
 109  87.584627  63.951777    16.238    15.748  9 55735.13474688 24.331
 110  87.584553  63.952797    15.604    13.395  9 55745.05039265 25.066
 111  87.584055  63.952349    13.188    13.123  9 55754.96603657 52.097
 112  87.583488  63.949989    13.453    12.526  9 55764.88167797 29.678
 113  87.580329  63.946679    36.452    37.687 10 55774.79731622 30.342
 114  87.578940  63.945005    12.423    12.494 10 55784.71295164 42.037
 115  87.580509  63.946139    13.421    12.824 10 55794.62858540 39.248
 116  87.581809  63.947978    13.659    13.669 10 55804.54422351 44.989
 117  87.581792  63.948918    38.184    38.424 10 55814.45987314 31.542
 118  87.581366  63.947693    33.231    33.659  9 55824.37552031 24.249
 119  87.577187  63.945139    27.816    27.340 10 55834.29116238 24.373
 120  87.576947  63.944351    33.268    36.271 10 55844.20680105 31.481
 121  87.578433  63.945724    12.913    12.882 10 55854.12243706 55.430
 122  87.582080  63.948518    12.330    12.115  9 55864.03807558 42.378
 123  87.582669  63.950731    12.093    12.026  9 55873.95372936 47.105
 133  87.578232  63.946463    19.888    20.732 10 55973.11016463 22.532
 134  87.583434  63.949388    21.405    21.437 10 55983.02580139 18.329
 135  87.583093  63.949337    19.918    19.513  9 55992.94143549 19.751
 136  87.581927  63.947995    20.665    21.280 10 56002.85708407 19.696
 137  87.578685  63.945596    20.043    20.775 10 56012.77273292 21.083
 139  87.582749  63.948157    15.531    15.839 10 56032.60402281 22.792
 141  87.584109  63.952342    15.112    14.640  9 56052.43530336 32.887
 142  87.583363  63.951408    39.069    39.105  9 56062.35093901 37.001
 143  87.582587  63.949617    38.566    38.678  9 56072.26657894 34.302
 144  87.583531  63.949832    38.801    38.746  9 56082.18222937 37.531
 145  87.585119  63.951217    37.849    39.356  9 56092.09787740 25.708
 146  87.583162  63.952092    19.935    18.713  9 56102.01352273 24.671
 147  87.585982  63.952257    12.191    12.249  9 56111.92915408 42.338
 148  87.581868  63.949210    11.847    11.352  9 56121.84479257 36.798
 149  87.578525  63.945485    11.386    11.291 10 56131.76042730 46.584
 150  87.577003  63.943828    13.617    12.853 11 56141.67606274 33.536
 151  87.577134  63.945819    10.804    10.880 10 56151.59171387 43.691
 152  87.583805  63.949705    12.784    13.152 10 56161.50736405 31.799
 153  87.581491  63.950333    11.558    11.085  9 56171.42301133 40.833
 154  87.582038  63.949145    11.541    11.507  9 56181.33865431 42.548
 155  87.580509  63.946806    11.188    11.191 10 56191.25429314 48.154
 156  87.578423  63.945498    13.740    13.042 10 56201.16992921 31.937
 157  87.578944  63.946785    13.718    12.758 10 56211.08556352 36.577
 158  87.581239  63.949124    10.557    10.531  9 56221.00119614 44.950
 159  87.586082  63.952250    11.320    11.281  9 56230.91684866 42.846
 160  87.582512  63.951789    12.860    11.954  9 56240.83250114 29.827
 161  87.584239  63.951404    13.533    11.927 10 56250.74815009 27.980
 162  87.582198  63.950151    20.989    21.013  9 56260.66379390 23.889
 163  87.582949  63.950487    21.275    21.274  9 56270.57943576 20.309
 164  87.584242  63.951078    21.281    21.234  9 56280.49507599 20.151
 165  87.585972  63.951903    21.457    21.484  9 56290.41072838 18.407
 166  87.582086  63.949869    20.136    21.020 10 56300.32637595 23.430
 167  87.579923  63.947478    20.985    21.043 10 56310.24201954 19.183
 168  87.579671  63.946462    21.125    21.148 10 56320.15766108 17.297
 169  87.579189  63.947406    21.183    21.224 10 56330.07330194 17.161
 170  87.583489  63.949772    21.458    21.509 10 56339.98894264 17.154
 171  87.581688  63.949795    21.578    21.579  9 56349.90458039 16.843
 172  87.582928  63.948573    21.316    21.350 10 56359.82021720 15.264
 173  87.581277  63.947351    21.128    21.162 10 56369.73586702 15.384
 175  87.583436  63.950103    21.435    21.484  9 56389.56716005 15.464
 176  87.582008  63.951859    28.211    29.550  9 56399.48280344  9.165
 177  87.587077  63.953681    13.422    12.656  9 56409.39844487 27.539
 178  87.584790  63.952332    31.925    31.291  9 56419.31408078 37.244
 179  87.582909  63.950384    37.628    38.717 10 56429.22971509 32.621
 180  87.583198  63.950736    37.658    38.977 10 56439.14536864 32.689
 181  87.585108  63.951669    18.378    18.341  9 56449.06101987 55.899
 182  87.583943  63.951734    37.773    39.106  9 56458.97666853 23.685
 183  87.581514  63.950503    14.574    14.586  9 56468.89231363 55.113
 184  87.581536  63.949257    13.830    13.582 10 56478.80795500 39.662
 185  87.580678  63.947624    13.070    13.078 10 56488.72359236 55.757
 187  87.581188  63.947168    11.690    11.707 10 56508.55486144 36.975
 188  87.580425  63.947634    12.084    12.032 10 56518.47050091 49.960
 189  87.582425  63.948878    11.896    11.862 10 56528.38615534 39.790
 190  87.581430  63.948711    12.740    12.724 10 56538.30180514 50.910
 191  87.582489  63.948639    15.130    15.709 10 56548.21745106 30.058
 192  87.582949  63.949399    12.642    12.651 10 56558.13309441 48.513
 193  87.583685  63.950793    15.318    15.707 10 56568.04873691 27.680
 194  87.582320  63.951866    24.084    22.212  9 56577.96437787 22.817
 195  87.583471  63.952065    12.102    12.050  9 56587.88001532 52.139
 196  87.585933  63.951835    11.857    11.796  9 56597.79565739 49.203
 197  87.583072  63.951056    16.454    16.466 10 56607.71130848 37.307
 198  87.584980  63.951556    21.769    21.855  9 56617.62695523 19.581
 199  87.584322  63.951476    25.000    21.932 10 56627.54259838 19.371
 200  87.581764  63.950396    27.179    21.691  9 56637.45823849 18.540
 201  87.581362  63.948902    27.211    21.586  9 56647.37388052 18.043
 202  87.581705  63.948213    28.397    30.781  9 56657.28953253 17.557
 203  87.583238  63.948170    26.316    21.604 10 56667.20518035 15.940
 205  87.582748  63.949969    25.219    21.760  9 56687.03646932 16.716
 206  87.582458  63.950138    21.747    21.960  9 56696.95211105 16.392
 207  87.581963  63.948998    23.256    21.699 10 56706.86774805 16.538
 208  87.582153  63.947750    24.728    21.504 10 56716.78338260 15.414
 209  87.582144  63.948756    23.408    21.948  9 56726.69903573 14.597
 211  87.583108  63.952957    38.123    38.632  9 56746.53033103 13.094
 212  87.584638  63.953589    14.589    14.670  9 56756.44597262 23.094
 213  87.582123  63.951768    15.806    15.746  9 56766.36160787 33.215
 214  87.582640  63.950615    18.443    18.479 10 56776.27724929 27.328
 215  87.584455  63.951670    22.577    22.534  9 56786.19290603 49.759
 216  87.585689  63.953165    38.171    39.736  9 56796.10855910 33.297
 217  87.585192  63.953744    39.694    39.710  9 56806.02420738 34.299
 219  87.581970  63.949617    19.431    19.400 10 56825.85548669 52.662
 220  87.581407  63.947419    19.597    19.954 10 56835.77112114 22.337
 221  87.578237  63.946230    20.909    21.172 10 56845.68675224 24.021
 222  87.583493  63.948776    11.241    11.186 10 56855.60240037 33.260
 223  87.582651  63.950396    12.686    12.657 10 56865.51805401 32.730
 224  87.583520  63.950938    15.284    13.827  9 56875.43370677 27.675
 225  87.582430  63.950291    12.766    12.745 10 56885.34935613 55.983
 226  87.582354  63.949707    36.175    38.715  9 56895.26500263 31.693
 227  87.583649  63.950700    12.689    12.751  9 56905.18064625 36.989
 228  87.582633  63.952372    12.769    12.762  9 56915.09628753 42.028
 229  87.586679  63.954651    39.986    40.016  8 56925.01192747 34.231
 230  87.584302  63.954021    12.850    12.895  9 56934.92756364 34.024
 231  87.584270  63.951871    21.714    21.938 10 56944.84319461 26.428
 232  87.583142  63.950207    11.805    11.801 10 56954.75884403 48.393
 233  87.583918  63.950224    13.585    13.499 10 56964.67449380 35.152
 234  87.584950  63.951597    19.638    18.967  9 56974.59013917 25.228
 235  87.583052  63.952131    34.991    38.151  9 56984.50577979 17.871
 236  87.585160  63.951317    36.550    36.362  9 56994.42141559 11.797
 237  87.580310  63.947614    30.577    34.654 10 57004.33705426 12.693
 238  87.579791  63.946162    26.417    21.698 10 57014.25271001 14.537
 239  87.578193  63.946367    37.201    37.228 10 57024.16836087 17.483
 240  87.582441  63.949668    38.753    38.910 10 57034.08401007 14.511
 241  87.585085  63.952103    37.678    39.242  9 57043.99965658 15.956
 242  87.584438  63.951886    32.617    32.811 10 57053.91529989 15.407
 243  87.581836  63.949378    29.675    32.749  9 57063.83093819 16.081
 244  87.581020  63.947663    38.147    38.325  9 57073.74657176 12.789
 245  87.581307  63.947837    23.397    23.699  9 57083.66220204 15.241
 246  87.584284  63.951355    26.889    21.888  9 57093.57785286 17.338
 247  87.587498  63.954842    21.993    21.979  9 57103.49351038 17.004
 248  87.586621  63.955136    22.219    22.224  8 57113.40916333 16.381
 249  87.585879  63.953130    19.472    16.734  9 57123.32481001 11.376
 250  87.583284  63.950593    14.059    13.987  9 57133.24045105 30.096
