# NaN NaN NaN ;Mean Elev.(m), Avg Gradient(m/km), RMS Gradient(m/km) - SRTM1     
#   -3.119  -3.723   9.817 ;Mean Elev.(m), Avg Gradient(m/km), RMS Gradient(m/km) - ASTER GDEM
#    2.016   0.566  10.853 ;Mean Elev.(m), Avg Gradient(m/km), RMS Gradient(m/km) - GMTED2010 
   1  87.306442  66.146136    32.916    32.681  9 54667.29270467 15.843
   2  87.303945  66.147066    54.991    55.767 10 54677.20834890 13.993
   3  87.299203  66.148847   -12.745   -12.707 11 54687.12399159 11.135
   4  87.293417  66.150015    36.338    36.080 12 54697.03963242 17.501
   5  87.299676  66.149147    -9.377    -9.829 11 54706.95527386 11.717
   6  87.306245  66.146677    34.989    34.628  9 54716.87092652 16.941
   7  87.309394  66.144187     9.222     8.982  8 54726.78657636 25.241
   8  87.311433  66.143544    42.819    43.349  8 54736.70222439 18.695
   9  87.307071  66.144943    31.461    30.398  9 54746.61787127 21.350
  10  87.305710  66.146511    37.947    42.079 10 54756.53351801 16.956
  11  87.307225  66.146506    34.549    34.739  9 54766.44916326 15.136
  12  87.309723  66.144627    53.877    54.510  9 54776.36480548 17.461
  13  87.313750  66.142751    31.519    29.070  9 54786.28044543 16.292
  14  87.315644  66.142664    27.251    27.316  9 54796.19608393 18.454
  17  87.303521  66.147454    41.325    42.150  9 54825.94300543 10.516
  18  87.304010  66.146777    37.659    41.797  9 54835.85864487 10.866
  19  87.303643  66.146644    42.412    42.682  9 54845.77429447  9.606
  20  87.301472  66.147303    42.136    42.457 10 54855.68994320 11.256
  21  87.300765  66.148684    42.143    42.182 10 54865.60559199 11.007
  22  87.296545  66.149129    40.470    42.507 10 54875.52124004 11.634
  23  87.300040  66.148210    39.492    42.019 10 54885.43688597 11.204
  24  87.306084  66.145985    32.682    33.731 10 54895.35252871 13.574
  25  87.309566  66.144077    28.714    29.905  9 54905.26816855 13.436
  26  87.310184  66.143767    31.147    31.696  8 54915.18380700 12.553
  27  87.306184  66.144846    34.518    34.235  9 54925.09944467 13.480
  28  87.306057  66.146000    40.886    41.701 10 54935.01508196  7.980
  29  87.303506  66.146084    25.637    25.461  9 54944.93071709 11.399
  30  87.306530  66.144705    22.708    21.102  9 54954.84635033 15.529
  31  87.305342  66.143210    56.330    58.337  7 54964.76199671 12.145
  32  87.311095  66.143137    62.131    58.825  8 54974.67764536 11.034
  34  87.305025  66.146517    22.622    17.947 10 54994.50894016 24.994
  35  87.302252  66.147412    39.430    39.366  9 55004.42458621 16.156
  36  87.301469  66.147336    34.361    34.222 10 55014.34023033 15.805
  37  87.303336  66.147047    56.285    54.991 10 55024.25587330 13.864
  38  87.302622  66.147645    32.339    31.486  9 55034.17151545 15.754
  39  87.301951  66.148425    33.835    33.396 10 55044.08715688 15.796
  40  87.297399  66.148454    36.526    35.549 10 55054.00279632 14.187
  41  87.303803  66.147002    52.368    50.071 10 55063.91843451 17.359
  42  87.308995  66.145203    29.188    30.548  9 55073.83408096 15.775
  43  87.311606  66.143991    35.073    36.338  9 55083.74972926 14.426
  44  87.310107  66.144144    32.536    32.096  9 55093.66537560 17.690
  45  87.308359  66.144856    32.790    32.886  9 55103.58102177 18.172
  46  87.307318  66.145457    31.801    32.351  8 55113.49666778 16.570
  47  87.307323  66.145106    31.102    31.853  8 55123.41231144 16.566
  48  87.309983  66.144193    51.601    51.496  8 55133.32795246 23.512
  49  87.311475  66.143372    38.613    40.747  9 55143.24359129 15.785
  50  87.312302  66.143734    33.385    31.602  9 55153.15922947 17.544
  51  87.306869  66.144949    41.609    41.569  9 55163.07486743 16.397
  52  87.302779  66.146365    39.835    42.686  9 55172.99050521 14.859
  53  87.305188  66.147055    42.002    42.171  9 55182.90614240 13.537
  54  87.304041  66.147207    42.027    42.033  9 55192.82179356 13.823
  55  87.304048  66.147555    41.897    42.137 10 55202.73744357 13.394
  56  87.300604  66.148174    42.429    42.679 10 55212.65309261 12.762
  57  87.298421  66.148383    42.978    43.029 10 55222.56874131 12.686
  58  87.303097  66.147412    42.282    42.524  9 55232.48438929 12.201
  59  87.306766  66.145704    41.911    41.961  8 55242.40003399 11.943
  60  87.308520  66.144236    41.571    41.620  9 55252.31567516 11.635
  61  87.311333  66.143846    41.051    41.209  9 55262.23131421 11.176
  62  87.309319  66.144722    41.477    41.562  8 55272.14695189 10.797
  63  87.307104  66.145407    41.906    41.958  9 55282.06258938 11.309
  64  87.305499  66.145212    41.957    42.195  9 55291.97822575 11.618
  65  87.308554  66.144289    41.360    41.421  9 55301.89386068 11.238
  66  87.313828  66.143399    13.364     4.629  9 55311.80950895 12.687
  68  87.308184  66.144645    57.057    59.585  9 55331.64079812  2.868
  69  87.308158  66.145909    50.840    53.325  9 55341.55644234 10.958
  70  87.306956  66.146482    16.638    16.613  9 55351.47208626 40.764
  71  87.305101  66.146641    32.535    33.724 10 55361.38772794 20.120
  72  87.305134  66.146892    34.700    36.341 10 55371.30336770 21.482
  74  87.302669  66.148529    54.180    53.665 10 55391.13464339 24.257
  75  87.299793  66.148525    35.368    35.983 11 55401.05027948 17.717
  76  87.305926  66.146954    34.114    37.684  9 55410.96592919 17.246
  77  87.309964  66.144628    32.878    32.611  9 55420.88157952 15.751
  78  87.311546  66.143218    56.039    55.796  9 55430.79722663 23.978
  79  87.310111  66.143786    34.892    34.254  8 55440.71287111 19.198
  80  87.305595  66.145240    35.201    36.705  9 55450.62851380 17.480
  81  87.305250  66.146007    55.110    55.609  9 55460.54415629 22.856
  82  87.305405  66.145183    35.166    38.552  9 55470.45979771 17.553
  83  87.312551  66.143666    52.878    51.857  9 55480.37543674 27.696
  84  87.314127  66.142811    32.725    31.808  9 55490.29107271 15.985
  85  87.312425  66.143562    28.129    28.935  8 55500.20670623 20.073
  86  87.305914  66.145349    52.351    51.253  9 55510.12234736 24.522
  87  87.305163  66.146682    54.138    55.782 10 55520.03799712 16.642
  88  87.302529  66.147084    42.595    42.632  9 55529.95364573 13.364
  89  87.302376  66.146712    39.870    42.461  9 55539.86929285 14.541
  90  87.305112  66.146576    38.039    41.204 10 55549.78493803 14.478
  91  87.301897  66.147325    39.849    42.410  9 55559.70058099 13.679
  92  87.301248  66.148469    41.592    42.514 10 55569.61622333 14.115
  93  87.299603  66.148514    42.427    42.819 10 55579.53186463 13.039
  94  87.304875  66.146664    41.871    42.220  9 55589.44750393 12.635
  95  87.312314  66.143952    40.694    40.786  9 55599.36314037 12.557
  96  87.315801  66.142469    39.113    40.588  9 55609.27877404 12.043
  97  87.313723  66.143306    40.843    41.022  9 55619.19440560 11.356
  98  87.303955  66.145585    42.511    42.597  9 55629.11005360 11.449
  99  87.304228  66.146646    42.160    42.251 10 55639.02570471 11.773
 100  87.309452  66.145540    41.724    41.750  9 55648.94135403 10.852
 101  87.312984  66.143270    41.129    41.159  8 55658.85700005 11.017
 103  87.310714  66.143466    35.397    38.191  9 55678.68828116 20.602
 104  87.306941  66.145937    16.503    16.020  9 55688.60391834 32.128
 105  87.303165  66.147692    21.886    14.867 10 55698.51955413 29.062
 106  87.300716  66.147710    32.141    33.601 10 55708.43519058 20.314
 107  87.304308  66.146739    60.825    58.555 10 55718.35084179 15.651
 108  87.305508  66.146421    34.021    34.522 10 55728.26649022 15.888
 109  87.304091  66.147147    51.705    51.225  9 55738.18213690 28.740
 110  87.302034  66.148156    33.886    33.574 10 55748.09778228 16.091
 111  87.301587  66.148073    31.465    31.590 10 55758.01342557 16.534
 112  87.305142  66.146408    35.505    36.001 10 55767.92906652 16.457
 113  87.311232  66.143942    32.575    32.695  9 55777.84470460 18.639
 114  87.314435  66.142482    32.034    32.578  9 55787.76033983 17.076
 115  87.312768  66.143353    55.704    54.130  9 55797.67597315 14.503
 116  87.305176  66.145293    33.399    33.129  9 55807.59161590 19.403
 117  87.304334  66.146654    39.777    39.693  9 55817.50726480 13.965
 118  87.304216  66.145825    35.329    35.144  9 55827.42291011 16.340
 119  87.310776  66.143921    33.039    34.082  8 55837.33855168 18.772
 120  87.313543  66.142540    33.001    33.859  8 55847.25418978 18.364
 121  87.310921  66.143645    32.179    32.176  9 55857.16982503 20.732
 122  87.305851  66.146090    53.679    52.567 10 55867.08546908 19.125
 123  87.300968  66.148134    37.312    37.768 10 55877.00112081 19.036
 133  87.311241  66.143543    27.671    28.788  8 55976.15755275 16.830
 134  87.307613  66.145433    29.783    28.634  9 55986.07318873 15.807
 135  87.305297  66.146490    31.759    31.926 10 55995.98882472 15.984
 136  87.309898  66.145643    27.158    29.381  9 56005.90447692 16.149
 137  87.311821  66.143838    29.636    29.508  9 56015.82012487 14.478
 139  87.308335  66.144397    30.758    30.575  8 56035.65141233  9.900
 141  87.298021  66.148215    25.206    25.725 10 56055.48269049 11.591
 142  87.302132  66.148393    65.869    64.756 10 56065.39832503 20.470
 143  87.303218  66.147550    18.498    15.338 10 56075.31397065 27.572
 144  87.305122  66.147067    63.432    65.604 10 56085.22962022 23.051
 145  87.304772  66.147018    33.826    34.554 10 56095.14526722 16.901
 146  87.302892  66.147189    36.558    36.662 10 56105.06091197 16.490
 147  87.305385  66.146555    31.962    31.236 10 56114.97654261 15.768
 148  87.306773  66.145548    50.874    51.238  9 56124.89218097 26.193
 149  87.310318  66.144175    50.285    50.027  8 56134.80781552 21.244
 150  87.312380  66.143634    34.379    34.227  8 56144.72345656 10.421
 151  87.310302  66.144102    33.100    32.314  9 56154.63910645 11.403
 152  87.308383  66.145227    64.673    67.551  9 56164.55475523  7.220
 153  87.308343  66.145898    32.515    31.746  9 56174.47040204 12.489
 154  87.304944  66.145632    35.219    33.988  9 56184.38604342 15.518
 155  87.309159  66.144571    33.994    34.211  8 56194.30168173 15.808
 156  87.311025  66.144178    29.917    30.015  8 56204.21731697 21.311
 157  87.307154  66.145213    42.077    43.473  9 56214.13295016 20.332
 158  87.303541  66.147159    50.826    50.985 10 56224.04858503 23.322
 159  87.300941  66.148369    36.780    34.579 10 56233.96424075 19.494
 160  87.301117  66.148376    28.169    28.021 10 56243.87989276 21.525
 161  87.303100  66.147640    24.345    23.802 10 56253.79554011 21.195
 162  87.304265  66.147261    26.348    27.300 10 56263.71118306 20.557
 164  87.304893  66.147067    28.758    29.813 10 56283.54246772 18.884
 165  87.308300  66.146091    33.287    34.677  9 56293.45811950 16.771
 166  87.310188  66.144584    38.193    40.166  9 56303.37376677 14.504
 167  87.310067  66.143744    35.538    36.939  8 56313.28940976 14.393
 168  87.308613  66.144162    39.377    41.091  9 56323.20505053 13.403
 169  87.307446  66.145289    41.319    41.448  9 56333.12069073 12.267
 170  87.304783  66.145821    40.891    42.011  9 56343.03633029 12.174
 171  87.305590  66.145543    41.684    41.649  9 56352.95196787 11.837
 172  87.310371  66.144733    40.446    40.869  9 56362.86761026 12.016
 173  87.307118  66.144522    41.508    41.557  9 56372.78325910 11.556
 175  87.302495  66.146855    42.108    42.224  9 56392.61454934 11.179
 176  87.302291  66.147833    39.154    42.090  9 56402.53019193  7.042
 177  87.301344  66.148120    51.825    52.147 10 56412.44583164 13.712
 178  87.302163  66.147719    56.891    59.508  9 56422.36146654 12.730
 179  87.303036  66.147503    19.466    19.462 10 56432.27710805 39.469
 180  87.303077  66.147565    25.087    26.562  9 56442.19276066 23.505
 181  87.303080  66.147745    59.758    59.135 10 56452.10841072 27.644
 182  87.305535  66.147009    33.636    33.330  9 56462.02405856 13.866
 183  87.307455  66.145508    33.132    32.228  9 56471.93970305 16.190
 184  87.308254  66.144067    33.176    32.276  9 56481.85534394 16.148
 185  87.312951  66.143793    58.326    59.784  9 56491.77098144  8.758
 187  87.303315  66.146049    35.398    36.179  9 56511.60224813 13.725
 188  87.305753  66.146325    34.148    33.796 10 56521.51789415 14.153
 189  87.304374  66.145613    34.461    33.032  9 56531.43354694 13.635
 191  87.309325  66.144614    29.726    29.764  8 56551.26484151 16.459
 192  87.307430  66.146025    30.897    30.560  9 56561.18048407 16.760
 193  87.302677  66.147855    36.236    35.997 10 56571.09612528 17.320
 194  87.298276  66.148997    34.621    34.540 11 56581.01176498 16.420
 195  87.300966  66.148502    51.526    51.248 10 56590.92740118 16.560
 196  87.304148  66.147278    50.984    52.221 10 56600.84304938 16.007
 197  87.303123  66.146622    43.864    43.005  9 56610.75869938 11.193
 198  87.302442  66.147315    42.120    41.004 10 56620.67434472 12.659
 199  87.300931  66.148066    37.503    36.120 10 56630.58998693 10.894
 200  87.303334  66.147535    35.077    34.534 10 56640.50562583 12.147
 201  87.307174  66.145454    33.398    34.516  9 56650.42127299 11.606
 202  87.312758  66.143373    37.173    38.794  8 56660.33692414 13.187
 203  87.312185  66.143116    36.042    36.494  9 56670.25257123 13.053
 205  87.303205  66.146894    35.041    35.034 10 56690.08385864 11.843
 206  87.302580  66.147130    38.188    37.873 10 56699.99949869 10.824
 207  87.307010  66.145632    27.211    27.857  9 56709.91513450 13.360
 208  87.310478  66.144363    23.526    22.303  8 56719.83077619 14.491
 209  87.307524  66.144666    13.841    14.155  9 56729.74642812 15.867
 211  87.300809  66.148961    41.165    42.278 10 56749.57772005 12.635
 212  87.298854  66.149623    33.552    34.209 11 56759.49335935  9.874
 213  87.297169  66.148639    16.808    19.325 10 56769.40899236 19.273
 214  87.304983  66.147013    27.997    28.580 10 56779.32464285 16.804
 215  87.305057  66.146356    36.406    31.637  9 56789.24029841 18.909
 216  87.303226  66.146878    65.833    66.151 10 56799.15595043 25.231
 217  87.299798  66.147851    30.810    31.369 10 56809.07159612 20.606
 219  87.305446  66.145833    64.111    63.825  9 56828.90287397 21.867
 220  87.311609  66.143666    22.741    19.985  9 56838.81850814 21.952
 221  87.313054  66.143248    32.030    32.171  8 56848.73413982 14.289
 222  87.310269  66.144788    52.948    53.268  9 56858.64979411 23.351
 223  87.305315  66.146963    33.176    32.348  9 56868.56544716 15.288
 224  87.301172  66.147616    33.861    33.395 10 56878.48109821 15.924
 225  87.307558  66.146471    32.827    32.186  9 56888.39674690 14.929
 226  87.310459  66.144846    32.412    32.393  9 56898.31239258 17.009
 227  87.308775  66.144945    32.929    33.077  9 56908.22803534 17.792
 228  87.303715  66.146951    36.208    36.429 10 56918.14367581 17.738
 229  87.295655  66.149319    34.737    35.050 11 56928.05931400 20.670
 230  87.291806  66.150136    36.224    35.336 12 56937.97494849 16.917
 231  87.298225  66.148908    51.952    52.077 11 56947.89058173 19.009
 232  87.303288  66.146848    53.997    54.201 10 56957.80623570 18.393
 233  87.305199  66.145814    42.554    42.772  9 56967.72188401 12.859
 234  87.305203  66.146413    41.678    42.664  9 56977.63752814 11.532
 235  87.304184  66.147499    40.590    41.883 10 56987.55316767 13.159
 236  87.303250  66.147421    40.032    41.985  9 56997.46880120 12.436
 237  87.308392  66.145800    37.770    41.621  9 57007.38444879 10.964
 238  87.312692  66.143853    37.544    40.788  9 57017.30010284 13.096
 239  87.311530  66.143396    34.804    35.533  8 57027.21575290 13.099
 240  87.308614  66.144957    40.679    41.490  9 57037.13140098 11.374
 241  87.306494  66.146772    41.550    41.485  9 57047.04704657 10.795
 242  87.303673  66.147546    36.683    39.634 10 57056.96268847 11.476
 243  87.304376  66.146604    35.887    34.588 10 57066.87832528 11.817
 244  87.307521  66.145744    30.304    30.387  9 57076.79395794 12.237
 245  87.308867  66.145901    38.918    40.716  9 57086.70958820 11.223
 246  87.302567  66.147605    29.994    29.715 10 57096.62524649 13.003
 247  87.299290  66.149308    42.169    42.346 11 57106.54090222  9.876
 248  87.293076  66.149820    43.784    44.204 12 57116.45655292 11.844
 249  87.299682  66.148629    34.664    34.676 11 57126.37219854  4.191
