# NaN NaN NaN ;Mean Elev.(m), Avg Gradient(m/km), RMS Gradient(m/km) - SRTM1     
#   -2.243 -11.037  13.664 ;Mean Elev.(m), Avg Gradient(m/km), RMS Gradient(m/km) - ASTER GDEM
#   24.000 -11.125  12.974 ;Mean Elev.(m), Avg Gradient(m/km), RMS Gradient(m/km) - GMTED2010 
   2  88.995173  62.302041    94.760    95.250  5 54673.14516210 16.886
   3  88.994224  62.303480   -82.103   -82.081  6 54683.06080566  2.811
   4  88.994723  62.303923    94.498    95.907  5 54692.97644792 28.375
   5  88.994149  62.302061   -73.967   -73.919  5 54702.89208735  2.668
   6  88.997442  62.300854    94.616    95.330  4 54712.80773649  4.603
   7  88.996018  62.299232   -49.813   -49.661  5 54722.72338701 10.377
   8  88.995246  62.299441    82.181    82.306  6 54732.63903539  6.942
   9  88.993797  62.300992    82.363    82.422  6 54742.55468236  6.711
  10  88.993323  62.302079    82.479    82.538  6 54752.47032920  8.697
  11  88.995004  62.302145    82.313    82.310  5 54762.38597582  1.094
  12  88.996114  62.300449    91.278    89.945  5 54772.30161972 18.873
  13  88.995773  62.298739    86.145    86.081  5 54782.21726050 14.566
  14  88.997724  62.298931    75.061    75.562  5 54792.13289917 17.914
  17  88.995803  62.300592    23.007    23.027  6 54821.87981528 17.690
  18  88.996054  62.300724    23.368    23.357  5 54831.79546730 16.430
  19  88.993943  62.301036    23.508    23.569  5 54841.71110573 16.721
  20  88.995486  62.303643    23.710    23.382  6 54851.62675511 13.968
  21  88.993758  62.305611    23.387    23.438  5 54861.54240380 14.071
  22  88.994234  62.306828    23.390    23.399  6 54871.45805267 14.591
  23  88.991806  62.304579    23.159    23.175  6 54881.37369926 12.876
  24  88.994353  62.302013    22.897    22.892  6 54891.28934299 12.764
  25  88.994765  62.299781    23.331    23.357  5 54901.20498360 13.650
  26  88.994602  62.300169    23.071    23.108  6 54911.12062260 11.887
  27  88.994022  62.301837    23.952    23.203  6 54921.03626049 10.002
  28  88.994456  62.302544    23.588    23.581  6 54930.95189777 16.530
  29  88.994901  62.300533    24.346    24.372  6 54940.86753339 27.736
  31  88.997526  62.296128    34.972    34.870  5 54960.69880754 32.499
  32  88.996816  62.297431    31.215    31.153  5 54970.61445625 32.672
  33  88.996143  62.299729    81.976    81.938  6 54980.53010396 15.811
  34  88.995132  62.301439    -3.198     3.163  6 54990.44575133 21.348
  35  88.993649  62.301442    79.480    81.865  5 55000.36139830  9.813
  36  88.995687  62.301948    79.341    81.803  5 55010.27704384  9.427
  37  88.994592  62.301517    78.490    78.484  5 55020.19268738 18.184
  38  88.995221  62.302904    75.152    72.341  6 55030.10833002 23.707
  39  88.992313  62.303580    69.407    69.698  6 55040.02397159 17.793
  40  88.993574  62.304106    26.810    25.723  6 55049.93961211 20.263
  41  88.994081  62.302007    74.388    74.107  6 55059.85525015 24.515
  42  88.995631  62.299208    21.135    21.100  5 55069.77089035 42.363
  43  88.995940  62.297620    31.536    29.092  5 55079.68653963 14.043
  44  88.994737  62.298189    93.394    91.846  5 55089.60218712  2.043
  45  88.994512  62.300769    29.909    29.796  6 55099.51783381 18.094
  46  88.994040  62.302684    77.407    79.513  5 55109.43347991  4.929
  47  88.994753  62.302152    29.433    29.602  6 55119.34912448 16.992
  48  88.995524  62.299590    20.999    20.953  5 55129.26476631 51.827
  49  88.997179  62.297814    20.823    20.751  5 55139.18040624 45.499
  50  88.996506  62.297965    23.461    23.390  5 55149.09604483 30.868
  51  88.996936  62.300202    24.299    24.266  5 55159.01168330 22.002
  52  88.995778  62.301529    26.624    26.480  5 55168.92732119 12.796
  53  88.994455  62.301064    26.154    26.162  5 55178.84295791 12.751
  54  88.994333  62.300333    27.013    27.095  5 55188.75860351 10.233
  55  88.995882  62.301415    24.099    24.024  5 55198.67425438 10.007
  56  88.994377  62.302762    24.713    24.450  6 55208.58990417  9.827
  57  88.995542  62.304962    24.689    24.558  6 55218.50555381  9.357
  58  88.992192  62.304392    24.486    24.570  6 55228.42120199  9.516
  59  88.994669  62.303493    24.350    24.341  5 55238.33684762  9.322
  60  88.995689  62.300996    24.307    24.356  5 55248.25248938  9.058
  61  88.995289  62.299155    24.090    24.035  5 55258.16812860  9.140
  62  88.996468  62.299703    26.334    26.400  5 55268.08376738  7.771
  63  88.996109  62.301142    27.176    27.646  6 55277.99940569  8.277
  64  88.994727  62.301199    34.325    35.799  5 55287.91504249  7.348
  65  88.996408  62.300107    31.794    29.625  5 55297.83067708  7.406
  66  88.995576  62.297658    82.269    82.227  5 55307.74631879  0.928
  67  88.996978  62.297160    24.685    24.707  6 55317.66196519 30.629
  68  88.996249  62.297969    29.110    28.388  6 55327.57761050 36.564
  69  88.994436  62.299811    84.635    85.210  6 55337.49325510 15.541
  70  88.994365  62.301744    80.523    81.866  6 55347.40889941 13.751
  71  88.995405  62.302602    76.786    78.910  5 55357.32454210 26.985
  72  88.993688  62.301820    79.277    81.615  5 55367.24018229  9.359
  73  88.994317  62.301475    28.366    28.262  6 55377.15582124 27.435
  74  88.995312  62.301721    22.726    22.644  5 55387.07145939 27.080
  75  88.994634  62.301543    29.011    28.655  6 55396.98709640 23.002
  76  88.995864  62.301389    24.604    25.022  5 55406.90273907 22.886
  77  88.996500  62.300827    30.130    30.076  5 55416.81839014 16.758
  78  88.995316  62.299007    30.133    30.021  5 55426.73403753 14.728
  79  88.997239  62.298789    81.605    81.708  5 55436.64968274  4.342
  80  88.996406  62.299265    81.797    81.775  5 55446.56532654  3.777
  81  88.994782  62.300263    82.042    82.123  6 55456.48096986  3.324
  82  88.994981  62.301171    82.228    82.199  6 55466.39661266  5.798
  83  88.995553  62.300270    82.007    81.966  6 55476.31225215  5.950
  84  89.000426  62.299436    28.323    28.504  4 55486.22788886 20.349
  85  88.997693  62.297018    21.278    21.243  5 55496.14352248 49.960
  86  88.996577  62.297192    20.620    20.544  5 55506.05915751 25.855
  87  88.996214  62.299701    20.365    20.369  6 55515.97480822 44.870
  88  88.993895  62.301151    21.383    21.452  5 55525.89045770 41.694
  89  88.993299  62.301910    21.804    21.900  6 55535.80610525 28.092
  90  88.993796  62.302233    22.387    22.366  6 55545.72175078 21.848
  91  88.993285  62.302543    23.776    23.804  5 55555.63739441 21.572
  92  88.993983  62.303397    24.031    24.084  5 55565.55303738 19.358
  93  88.994530  62.303197    23.932    23.944  6 55575.46867962 17.461
  94  88.995590  62.301724    23.941    23.982  5 55585.38432010 16.210
  95  88.996259  62.299458    23.650    23.637  6 55595.29995713 14.702
  96  88.997262  62.297931    23.515    23.522  6 55605.21559103 13.177
  97  88.996688  62.297088    23.227    23.246  5 55615.13122269 13.143
  98  88.997039  62.297958    22.920    22.912  5 55625.04686288 12.411
  99  88.997328  62.299382    22.666    22.645  5 55634.96251528 11.402
 100  88.996769  62.299542    22.672    22.708  5 55644.87816528 11.070
 101  88.996964  62.299112    26.763    27.618  5 55654.79381250  7.472
 102  88.995862  62.298172    22.974    23.007  5 55664.70945503 35.046
 103  88.995765  62.298325    80.082    81.617  6 55674.62509489 16.880
 104  88.994281  62.298882    82.092    82.152  5 55684.54073311 13.581
 105  89.002874  62.302126    69.634    69.083  3 55694.45637138 14.562
 106  89.000798  62.301673    68.993    68.345  3 55704.37200690 14.644
 107  88.995028  62.300410    72.076    72.026  6 55714.28765270 24.263
 108  88.995823  62.301492    30.772    32.241  5 55724.20330200 18.973
 109  88.994341  62.302254    28.994    29.446  6 55734.11894907 24.462
 110  88.994448  62.303175    29.763    28.754  6 55744.03459498 20.728
 111  88.994969  62.302967    29.428    29.532  5 55753.95023929 17.470
 112  88.994297  62.300619    30.359    29.954  6 55763.86588095 18.160
 113  88.997366  62.298917    22.259    22.324  5 55773.78152024 51.142
 114  88.996308  62.297096    21.839    21.929  5 55783.69715580 41.942
 115  88.996441  62.297519    22.025    22.399  5 55793.61278936 50.249
 116  88.995642  62.298311    83.071    83.150  5 55803.52842541  4.097
 117  88.995231  62.299287    82.927    82.866  6 55813.44407533  5.731
 118  88.997354  62.299136    81.683    81.687  5 55823.35972345  2.675
 119  88.996656  62.297439    21.535    21.529  6 55833.27536639 43.948
 120  88.997563  62.296914    26.377    27.595  5 55843.19100537 21.675
 121  88.998060  62.297775    81.907    81.824  5 55853.10664135  5.376
 122  88.996879  62.299175    20.533    20.395  5 55863.02227723 35.250
 123  88.993871  62.300756    19.993    19.733  5 55872.93793115 51.394
 133  88.996718  62.299007    26.292    26.800  5 55972.09436885 10.462
 134  88.994199  62.299873    25.839    25.959  5 55982.01000470 10.271
 135  88.996482  62.299895    25.528    26.840  5 55991.92563935 10.177
 136  88.995257  62.298355    25.623    25.305  5 56001.84128606 10.235
 137  88.997586  62.297645    24.421    24.662  5 56011.75693604 11.190
 138  88.997640  62.297865    82.230    82.336  4 56021.67258229  0.322
 139  88.995509  62.299355    23.405    23.323  5 56031.58822567 28.635
 141  88.994406  62.302632    25.760    26.077  5 56051.41950644 31.005
 142  88.995882  62.302121    82.014    82.045  6 56061.33514285 17.401
 143  89.000483  62.301501    74.851    74.640  4 56071.25078159 13.407
 144  88.994272  62.300215    74.552    74.611  6 56081.16643151 25.923
 145  88.994318  62.301693    22.736    22.722  5 56091.08207962 50.224
 146  88.994392  62.303171    21.581    21.527  5 56100.99772531 50.108
 147  88.994860  62.302832    67.296    68.207  5 56110.91335660 21.245
 148  88.994442  62.299984    20.716    20.737  6 56120.82899582 46.683
 149  88.995728  62.296823    74.000    67.263  5 56130.74463146 22.906
 150  88.998931  62.296068    22.237    23.069  5 56140.66026566 20.966
 151  88.995776  62.297837    22.654    23.334  6 56150.57591660 23.010
 152  88.994959  62.300594    22.206    20.244  5 56160.49156604 22.218
 153  88.995985  62.301867    19.962    19.972  6 56170.40721390 34.127
 154  88.996763  62.300416    28.149    28.700  5 56180.32285754 20.633
 155  88.995396  62.297776    22.484    23.984  5 56190.23849682 26.589
 156  88.996689  62.297315    23.522    23.186  5 56200.15413361 24.885
 157  88.995928  62.298451    82.144    82.133  5 56210.06976787  2.485
 158  88.994795  62.299985    19.543    19.518  6 56219.98540025 47.049
 159  88.995050  62.302174    20.016    19.917  5 56229.90104981 45.822
 160  88.993915  62.302047    20.341    20.349  6 56239.81670295 36.688
 161  88.995642  62.301899    20.798    20.815  6 56249.73235245 32.913
 162  88.993954  62.300729    21.732    21.665  5 56259.64799675 23.891
 163  88.995193  62.301603    20.741    20.774  6 56269.56363892 18.776
 164  88.995752  62.302268    21.228    21.188  6 56279.47927932 18.150
 165  88.995180  62.302706    21.662    21.634  5 56289.39493016 14.982
 166  88.994482  62.300955    21.868    21.863  5 56299.31057839 13.919
 167  88.996011  62.299120    21.432    21.405  5 56309.22622281 12.976
 168  88.994949  62.297773    21.401    21.485  5 56319.14186457 12.390
 169  88.994242  62.298949    21.163    21.148  5 56329.05750558 12.428
 170  88.995024  62.300927    21.045    21.039  6 56338.97314590 11.672
 171  88.995334  62.301211    20.945    20.863  5 56348.88878393 11.587
 172  88.994332  62.298797    21.017    21.044  5 56358.80441871 10.949
 173  88.997419  62.298680    20.956    20.985  5 56368.72006956 10.530
 175  88.995078  62.300928    21.115    21.091  6 56388.55136282 12.354
 176  88.993856  62.303058    21.004    21.012  5 56398.46700640 10.710
 177  88.994511  62.304182    22.168    22.194  5 56408.38264761 40.909
 178  88.994078  62.302822    30.565    30.597  5 56418.29828421 38.275
 179  88.994603  62.300517    80.613    82.187  5 56428.21391651 14.319
 180  88.994887  62.301012    80.094    81.471  6 56438.12957049 13.160
 181  88.993536  62.301707    81.678    82.543  6 56448.04522169 23.237
 182  88.993143  62.302529    86.286    86.357  6 56457.96087075 21.053
 183  88.995063  62.302627    23.607    23.427  5 56467.87651666 51.170
 184  88.995407  62.301105    22.487    22.492  5 56477.79215821 48.237
 185  88.993375  62.298306    92.450    78.513  5 56487.70779563 10.404
 187  88.996426  62.298147    70.134    70.084  6 56507.53906555 21.071
 188  88.995223  62.298620    23.152    23.159  5 56517.45470271 20.156
 189  88.996241  62.300234    65.398    67.806  6 56527.37035742 11.881
 192  88.994072  62.299667    82.063    82.085  5 56557.11729713  4.710
 193  88.995344  62.301474    21.928    20.990  6 56567.03293997 28.226
 194  88.994637  62.302903    20.571    20.554  5 56576.94858123 25.573
 195  88.994006  62.302824    25.150    23.556  5 56586.86421886 20.455
 196  88.993934  62.301792    19.975    19.979  6 56596.77985854 25.042
 197  88.994706  62.301844    21.372    21.363  6 56606.69551050 43.503
 198  88.993448  62.301453    21.737    21.736  6 56616.61115740 47.176
 199  88.994368  62.301700    24.075    24.039  6 56626.52680113 41.098
 200  88.996054  62.301784    24.765    24.755  6 56636.44244221 28.111
 201  88.995908  62.300525    23.635    23.653  6 56646.35808259 18.992
 202  88.994960  62.299869    24.659    23.790  6 56656.27373480 14.471
 203  88.995809  62.299490    27.062    26.207  5 56666.18938284 12.054
 205  88.995897  62.300797    23.677    23.614  5 56686.02067238 15.921
 206  88.994285  62.300940    26.591    28.750  5 56695.93631436 12.766
 207  88.994942  62.300355    27.098    26.950  6 56705.85195191 11.347
 208  88.995965  62.298942    25.945    26.111  6 56715.76758415 12.146
 209  88.995822  62.299940     4.052     4.476  5 56725.68323771  5.702
 211  88.994516  62.303632    23.449    23.452  6 56745.51453377 13.003
 212  88.992440  62.303690    23.942    23.937  6 56755.43017556 24.987
 213  88.994584  62.303038    25.207    25.267  6 56765.34581203 33.580
 215  88.994030  62.302325    82.693    82.853  5 56785.17710740  7.993
 216  88.994775  62.303871    80.046    81.939  6 56795.09276073 13.640
 217  88.994665  62.304584    83.582    82.371  5 56805.00840994  9.786
 219  88.994670  62.301120    88.104    88.039  6 56824.83969044 22.837
 220  88.996032  62.299365     4.417     4.868  5 56834.75532527 12.929
 221  88.997045  62.298581    21.988    21.958  6 56844.67095685 44.125
 222  88.994402  62.298997    30.084    29.934  5 56854.58660158 15.658
 223  88.994785  62.300863    21.869    21.606  5 56864.50225559 23.260
 224  88.994585  62.301502    29.214    29.099  6 56874.41790873 19.641
 225  88.995719  62.301747    21.882    21.959  5 56884.33355879 48.281
 226  88.994444  62.301210    30.575    30.633  6 56894.24920537 16.479
 227  88.994686  62.302064    82.151    82.119  5 56904.16484901  2.647
 228  88.993685  62.303580    86.471    87.021  5 56914.08049050 23.846
 229  88.993339  62.304665    72.050    71.214  6 56923.99613021 17.062
 230  88.993887  62.304401    21.055    21.100  5 56933.91176723 31.289
 231  88.994416  62.302240    21.245    21.202  5 56943.82739874 45.917
 232  88.994448  62.300939    20.525    20.457  5 56953.74304581 43.064
 233  88.995796  62.301526    20.046    20.052  6 56963.65869617 47.159
 234  88.993645  62.302090    22.944    22.983  6 56973.57434152 35.320
 235  88.994662  62.302944    23.237    23.081  5 56983.48998289 24.984
 236  88.994184  62.301265    23.867    23.015  5 56993.40561909 13.123
 237  88.996373  62.298777    26.408    24.670  5 57003.32125594 11.055
 238  88.996060  62.297983    28.094    27.986  6 57013.23691246 12.319
 239  88.994375  62.298282    26.318    26.430  5 57023.15256356 11.120
 240  88.995292  62.300956    25.446    25.075  6 57033.06821247  9.854
 241  88.994393  62.302431    23.496    23.572  5 57042.98385877 12.560
 242  88.995136  62.302484    23.389    23.424  6 57052.89950273 10.616
 243  88.995728  62.300632    24.105    23.368  5 57062.81514202  9.608
 244  88.995358  62.298868    23.729    23.743  5 57072.73077605 13.972
 245  88.996755  62.299231    23.726    23.117  5 57082.64640662  9.195
 246  88.995271  62.301747    24.248    24.688  6 57092.56205387  9.074
 247  88.993925  62.304668    23.608    23.582  6 57102.47771127  9.962
 248  88.992732  62.304916    23.776    23.785  6 57112.39336481 11.790
 250  88.993799  62.301193    24.082    24.028  5 57132.22465427 26.916
