# NaN NaN NaN ;Mean Elev.(m), Avg Gradient(m/km), RMS Gradient(m/km) - SRTM1     
#   23.606  -2.527   6.105 ;Mean Elev.(m), Avg Gradient(m/km), RMS Gradient(m/km) - ASTER GDEM
#   25.369  -1.059   4.995 ;Mean Elev.(m), Avg Gradient(m/km), RMS Gradient(m/km) - GMTED2010 
   2  88.366342  62.877253    28.222    28.380  6 54670.17853856 20.142
   3  88.362937  62.877655   -28.136   -24.048  6 54680.09418227 19.998
   4  88.361152  62.878060    25.830    27.049  7 54690.00982496 28.413
   5  88.360784  62.877518   -18.304   -18.376  6 54699.92546544  5.817
   6  88.364433  62.876903    18.417    18.424  6 54709.84111069 48.437
   7  88.365725  62.876112     4.943     4.953  6 54719.75676203 13.962
   8  88.370186  62.876477    24.391    23.568  6 54729.67241121 26.997
   9  88.368173  62.876450    18.686    18.755  6 54739.58805825 45.990
  10  88.366258  62.876925    18.583    18.642  6 54749.50370538 47.116
  11  88.362709  62.876802    18.410    18.414  6 54759.41935209 36.868
  12  88.365220  62.877081    17.853    17.803  6 54769.33499708 34.775
  13  88.367644  62.876340    17.511    17.484  7 54779.25063858 44.268
  14  88.369074  62.875248    19.316    19.272  6 54789.16627740 33.344
  15  88.372752  62.875867    21.773    21.772  6 54799.08191548 37.792
  17  88.369760  62.876545    21.223    21.161  6 54818.91319024 22.784
  18  88.364805  62.876511    22.151    21.587  6 54828.82884185 22.517
  19  88.363656  62.877200    24.284    24.506  6 54838.74448061 20.850
  20  88.361010  62.877975    23.811    24.232  7 54848.66012960 20.729
  21  88.357800  62.878655    25.367    25.359  7 54858.57577807 17.299
  22  88.355057  62.878966    25.550    25.616  7 54868.49142669 16.485
  23  88.357573  62.878936    23.958    24.159  7 54878.40707495 16.996
  24  88.360671  62.877635    24.448    24.384  6 54888.32272001 16.841
  25  88.365983  62.877022    24.402    24.209  6 54898.23836204 17.562
  26  88.367276  62.876963    23.932    24.353  6 54908.15400116 18.320
  27  88.364338  62.876855    24.916    24.874  6 54918.06963858 15.005
  28  88.364589  62.877129    21.517    21.524  7 54927.98527614 28.982
  29  88.365842  62.876241    22.822    22.463  6 54937.90091298 20.329
  30  88.370214  62.875327    22.955    22.969  6 54947.81654836 27.939
  31  88.372601  62.874152    27.439    27.455  6 54957.73218361 36.274
  32  88.373178  62.874939    30.980    30.961  6 54967.64783223 34.956
  33  88.370417  62.875794    27.144    27.170  7 54977.56347959 32.641
  34  88.367339  62.876540    27.813    27.757  6 54987.47912698 49.472
  35  88.366954  62.877133    26.696    26.485  6 54997.39477476 27.457
  36  88.363541  62.876663    28.737    28.680  6 55007.31042041 22.803
  37  88.364287  62.877427    20.725    20.731  6 55017.22606446 46.650
  38  88.361515  62.877902    28.182    28.326  6 55027.14170669 21.659
  39  88.358848  62.878593    25.084    24.081  7 55037.05734845 28.027
  40  88.358838  62.878486    20.803    20.813  7 55046.97298935 33.109
  41  88.362731  62.877229    18.769    18.747  6 55056.88862858 52.965
  42  88.371233  62.876099    18.510    18.521  6 55066.80426589 53.060
  43  88.370815  62.875049    18.411    18.417  6 55076.71991598 35.942
  44  88.369198  62.875711    27.858    27.962  6 55086.63556370 21.735
  45  88.365436  62.876762    28.098    28.109  6 55096.55120969 21.245
  46  88.364465  62.877543    26.302    27.291  6 55106.46685560 24.719
  47  88.363866  62.876626    27.251    28.100  6 55116.38250095 23.657
  48  88.369288  62.876084    27.653    27.699  7 55126.29814456 24.147
  49  88.370108  62.875006    17.502    17.473  6 55136.21378522 39.475
  50  88.373264  62.875942    19.942    19.913  6 55146.12942419 34.337
  51  88.366575  62.875744    20.427    20.419  6 55156.04506136 28.954
  52  88.367512  62.876995    25.248    25.172  6 55165.96069948 18.001
  53  88.365663  62.876596    25.976    25.994  6 55175.87633689 15.988
  54  88.367986  62.876366    26.605    26.924  7 55185.79197858 13.939
  55  88.367159  62.876967    26.392    26.705  6 55195.70762959 13.862
  56  88.363479  62.878045    25.589    25.501  6 55205.62327918 13.324
  57  88.358762  62.879037    25.764    25.626  6 55215.53892807 13.392
  58  88.356160  62.879017    26.216    26.252  6 55225.45457653 12.202
  59  88.358497  62.877760    26.166    25.912  6 55235.37022321 12.532
  60  88.366789  62.876576    25.304    25.296  7 55245.28586709 12.901
  61  88.371282  62.875701    25.088    25.092  6 55255.20150781 13.162
  62  88.368403  62.875809    25.224    25.139  6 55265.11714634 13.151
  63  88.364344  62.876979    25.106    25.155  6 55275.03278396 12.355
  64  88.363933  62.877453    27.757    25.565  7 55284.94842108 13.867
  65  88.368233  62.876346    37.252    39.166  6 55294.86405672 12.169
  66  88.373869  62.874777    43.798    44.082  6 55304.77969544 12.394
  67  88.375902  62.874473    20.179    20.168  5 55314.69534280 29.863
  68  88.370427  62.874670    23.220    23.236  6 55324.61098779 34.370
  69  88.368674  62.876838    33.718    33.659  6 55334.52663212 39.298
  70  88.364773  62.877697    27.929    27.969  6 55344.44227585 30.633
  71  88.364123  62.877511    24.973    24.940  6 55354.35791908 33.618
  72  88.365108  62.877045    29.054    29.046  6 55364.27356033 23.952
  73  88.366004  62.876953    28.436    28.851  7 55374.18919991 22.347
  74  88.364554  62.877275    28.650    28.776  6 55384.10483806 20.802
  75  88.363947  62.877878    26.871    26.861  6 55394.02047547 22.591
  76  88.365060  62.877803    27.981    27.885  6 55403.93611309 21.060
  77  88.367320  62.877190    18.584    18.567  6 55413.85176488 33.945
  78  88.372292  62.876196    27.674    27.668  6 55423.76741393 21.667
  79  88.371286  62.874418    25.581    26.579  6 55433.68305979 24.246
  80  88.369614  62.875098    28.911    28.773  6 55443.59870426 20.454
  81  88.367281  62.876761    22.973    22.892  6 55453.51434749 31.423
  82  88.362610  62.877128    28.494    28.458  6 55463.42998958 22.401
  83  88.366075  62.876710    28.956    28.888  6 55473.34563013 21.480
  85  88.374694  62.873829    25.618    25.932  6 55493.17690325 29.124
  86  88.377173  62.874820    17.826    17.774  6 55503.09253735 53.188
  87  88.368036  62.875591    17.539    17.542  6 55513.00818347 42.720
  88  88.363739  62.877227    17.583    17.627  7 55522.92383274 40.926
  89  88.362711  62.877849    19.043    19.026  7 55532.83948068 29.495
  90  88.362575  62.877194    19.120    19.127  6 55542.75512690 25.365
  91  88.362540  62.876804    21.498    21.498  6 55552.67077117 21.521
  92  88.362179  62.877590    21.860    21.851  6 55562.58641433 19.696
  93  88.360749  62.878208    22.696    22.319  7 55572.50205673 19.023
  94  88.360388  62.877744    23.052    23.409  6 55582.41769789 18.049
  95  88.364903  62.876507    24.076    24.054  6 55592.33333609 17.671
  96  88.372577  62.875218    24.969    24.959  7 55602.24897126 15.890
  97  88.376628  62.874210    25.055    25.038  6 55612.16460394 16.043
  98  88.373859  62.873811    24.856    24.981  6 55622.08023782 17.234
  99  88.367863  62.875218    25.090    25.165  6 55631.99589020 16.767
 100  88.367049  62.876490    25.023    25.021  7 55641.91154084 13.993
 101  88.367174  62.875966    33.573    33.853  6 55651.82718858 10.829
 102  88.373814  62.875679    49.163    49.092  6 55661.74283299  4.059
 103  88.371928  62.874443    20.546    20.568  6 55671.65847341 36.248
 104  88.373061  62.875639    28.897    28.875  6 55681.57411287 50.393
 105  88.366052  62.875722    25.365    25.339  6 55691.48974982 53.165
 106  88.365619  62.876727    28.621    28.483  7 55701.40538586 26.698
 107  88.364501  62.876690    22.413    22.430  6 55711.32102713 40.343
 108  88.364428  62.876850    28.708    28.612  6 55721.23667697 21.341
 109  88.362785  62.876803    18.471    18.491  6 55731.15232452 48.887
 110  88.363339  62.877398    18.572    18.605  6 55741.06797101 51.603
 111  88.362610  62.877547    27.890    27.950  6 55750.98361607 21.711
 112  88.362868  62.876920    19.256    19.205  6 55760.89925876 53.737
 113  88.369167  62.876934    24.475    24.124  6 55770.81489922 25.692
 114  88.372780  62.875672    18.676    18.647  6 55780.73053590 46.204
 115  88.373144  62.874369    18.347    18.311  6 55790.64616973 40.229
 116  88.376350  62.874905    28.968    29.054  6 55800.56180291 20.225
 117  88.371920  62.875614    24.122    25.222  6 55810.47745139 27.822
 118  88.369642  62.876228    19.104    19.101  6 55820.39310019 50.775
 119  88.369669  62.875722    28.348    28.426  6 55830.30874443 20.733
 120  88.371554  62.874590    22.010    20.899  6 55840.22438420 30.687
 121  88.377098  62.875042    18.620    18.590  6 55850.14002137 50.848
 122  88.371629  62.874430    28.610    28.591  6 55860.05565535 23.056
 123  88.365983  62.875752    17.416    17.339  6 55869.97130559 47.767
 133  88.372973  62.876227    24.289    24.270  6 55969.12774794 19.670
 134  88.369928  62.876069    21.773    20.504  6 55979.04338404 21.197
 135  88.370386  62.875860    21.371    21.690  6 55988.95901971 21.816
 136  88.370116  62.875107    21.751    20.250  6 55998.87466132 21.113
 137  88.372387  62.875420    23.083    23.651  6 56008.79031244 20.796
 138  88.372683  62.875561    25.214    25.207  6 56018.70595920 18.496
 139  88.369765  62.875959    19.477    19.463  6 56028.62160282 31.949
 141  88.364942  62.877228    20.930    20.900  6 56048.45288493 38.795
 142  88.362527  62.876703    25.314    25.305  6 56058.36852217 45.830
 143  88.365680  62.876303    25.014    25.009  6 56068.28415552 51.005
 144  88.364694  62.876811    23.250    23.237  7 56078.19980666 52.312
 145  88.364622  62.877842    28.565    28.523  6 56088.11545535 21.396
 146  88.359987  62.877385    19.892    19.975  6 56098.03110094 31.496
 147  88.362140  62.877153    17.895    17.876  6 56107.94674490 45.437
 148  88.369617  62.876853    21.757    21.897  6 56117.86237494 28.231
 149  88.370967  62.874811    17.481    17.477  6 56127.77801215 51.692
 150  88.375162  62.874564    17.467    17.451  6 56137.69364619 46.886
 151  88.369770  62.874763    17.359    17.275  6 56147.60929181 51.761
 152  88.369071  62.876566    23.665    23.275  6 56157.52494123 26.796
 153  88.368219  62.877090    17.100    17.119  6 56167.44058956 49.768
 154  88.367954  62.876048    22.848    22.626  6 56177.35623516 30.485
 155  88.370087  62.875117    17.335    16.803  6 56187.27187627 34.602
 156  88.371094  62.874782    24.138    23.955  6 56197.18751369 28.297
 157  88.370598  62.875653    16.268    16.244  7 56207.10314805 52.189
 158  88.367417  62.876373    16.087    16.022  6 56217.01878055 37.048
 159  88.364970  62.876991    16.535    16.497  6 56226.93442266 45.325
 160  88.365543  62.877455    17.223    17.202  6 56236.85007747 39.729
 161  88.365509  62.877081    17.797    17.766  7 56246.76572830 32.832
 162  88.364941  62.876941    18.663    18.657  6 56256.68137407 27.027
 163  88.363102  62.877465    22.271    24.016  6 56266.59701623 25.059
 164  88.361981  62.877883    25.725    25.775  6 56276.51265682 18.025
 165  88.363321  62.877791    24.602    24.704  6 56286.42830405 19.213
 166  88.368807  62.877057    26.635    26.729  6 56296.34395448 16.330
 167  88.371203  62.875465    27.991    28.358  6 56306.25960048 15.623
 168  88.371161  62.875150    27.964    28.498  6 56316.17524317 13.581
 169  88.368259  62.876317    27.704    28.164  7 56326.09088394 14.823
 170  88.364251  62.876972    25.359    25.370  6 56336.00652358 15.222
 171  88.363643  62.876406    25.622    25.649  6 56345.92216210 14.361
 172  88.370189  62.875687    25.415    25.434  7 56355.83779885 13.926
 173  88.375297  62.875665    25.044    25.025  6 56365.75344578 14.573
 174  88.370106  62.875171    25.249    25.223  6 56375.66909394 14.433
 176  88.361002  62.878147    24.314    24.417  7 56395.50038296 14.733
 177  88.357592  62.878025    18.340    18.318  6 56405.41602433 29.538
 178  88.360592  62.877649    20.537    20.607  7 56415.33166301 35.131
 179  88.364755  62.876194    28.853    28.831  6 56425.24729685 29.643
 180  88.367724  62.876799    26.624    26.621  6 56435.16294513 55.609
 181  88.363504  62.877300    23.755    23.772  7 56445.07859672 51.217
 182  88.360534  62.878287    27.213    27.830  7 56454.99424599 26.188
 183  88.358828  62.877657    28.559    28.697  6 56464.90989224 23.383
 184  88.367017  62.877367    19.596    19.504  6 56474.82553581 54.251
 185  88.371256  62.875394    19.166    18.661  6 56484.74117541 29.661
 187  88.373377  62.875845    17.743    17.831  6 56504.57244659 46.519
 188  88.368798  62.876095    24.517    23.493  6 56514.48807919 26.199
 189  88.367068  62.876821    24.135    23.328  6 56524.40373114 25.061
 190  88.368943  62.876388    27.629    27.729  6 56534.31938273 21.905
 192  88.368659  62.875296    18.404    18.404  6 56554.15067485 32.722
 193  88.366431  62.877017    18.797    18.811  6 56564.06631758 52.209
 194  88.361696  62.878348    24.860    24.739  6 56573.98195869 28.969
 195  88.358913  62.878322    17.775    17.859  7 56583.89759727 38.728
 196  88.362076  62.877082    17.139    17.161  6 56593.81323164 46.190
 197  88.365007  62.876895    18.461    18.440  7 56603.72888514 44.533
 198  88.365829  62.876739    19.429    19.353  7 56613.64453389 41.979
 199  88.364328  62.877167    20.982    20.991  7 56623.56017848 38.008
 200  88.364251  62.877849    20.514    20.552  6 56633.47582042 29.989
 201  88.365611  62.877422    19.839    19.823  6 56643.39145771 28.789
 202  88.365104  62.875963    19.462    19.471  6 56653.30710907 32.295
 203  88.371477  62.875919    23.058    22.931  6 56663.22275885 23.589
 204  88.373636  62.876009    25.065    25.042  6 56673.13840544 19.584
 205  88.370023  62.876855    19.746    19.760  6 56683.05405011 23.915
 206  88.362922  62.876763    25.775    25.790  6 56692.96969223 17.122
 207  88.364332  62.877249    25.247    25.463  7 56702.88533100 18.142
 208  88.367134  62.875877    25.743    25.678  6 56712.80096456 15.759
 209  88.371591  62.876291    38.223    41.645  6 56722.71661234 11.095
 210  88.369009  62.876565    20.074    20.050  6 56732.63226315 18.805
 211  88.363612  62.877706    20.450    19.554  6 56742.54791032 18.335
 212  88.357299  62.878240    19.349    19.451  6 56752.46355302 20.319
 213  88.358696  62.878697    20.473    20.483  7 56762.37919118 35.611
 214  88.360838  62.877101    21.959    21.976  6 56772.29482227 29.708
 215  88.363997  62.877595    30.478    30.510  6 56782.21048034 46.427
 216  88.361341  62.877062    26.776    26.749  6 56792.12613430 31.216
 217  88.361843  62.878164    28.220    28.823  6 56802.04178578 28.261
 218  88.359646  62.878060    30.412    29.002  7 56811.95742937 29.165
 219  88.362904  62.878125    24.080    24.085  6 56821.87306940 52.961
 220  88.364278  62.876285    32.221    24.604  6 56831.78870489 32.175
 221  88.372939  62.875839    19.133    19.040  6 56841.70433787 52.927
 222  88.372058  62.874841    29.168    29.234  6 56851.61997566 19.676
 223  88.368776  62.876007    17.985    17.972  6 56861.53562987 52.288
 224  88.364018  62.876984    28.194    28.131  6 56871.45128334 21.222
 225  88.363139  62.877646    18.346    18.365  7 56881.36693419 36.383
 226  88.362317  62.877168    18.386    18.378  6 56891.28258124 46.718
 227  88.363149  62.876873    25.177    26.467  6 56901.19822546 28.483
 228  88.363368  62.877834    28.352    28.317  6 56911.11386773 20.765
 229  88.359866  62.878170    28.101    28.037  7 56921.02950795 22.225
 230  88.357909  62.878443    27.551    27.511  7 56930.94514611 23.667
 231  88.360008  62.878015    26.355    28.156  6 56940.86077952 25.444
 232  88.363348  62.877477    17.725    17.780  7 56950.77641950 44.528
 233  88.365615  62.877665    16.956    16.858  6 56960.69207135 43.688
 234  88.363310  62.877119    19.677    19.645  6 56970.60771777 32.659
 235  88.365227  62.877542    19.328    19.288  6 56980.52336074 24.674
 236  88.365536  62.876982    26.849    27.296  6 56990.43899909 15.158
 237  88.369710  62.876106    27.328    27.347  6 57000.35463142 14.742
 238  88.367447  62.875475    25.311    25.312  6 57010.27028641 19.850
 239  88.370701  62.876161    24.897    24.880  6 57020.18593893 19.067
 240  88.367963  62.876201    36.512    36.158  7 57030.10158778 14.862
 241  88.365916  62.876743    25.599    25.534  6 57040.01723495 14.760
 242  88.362662  62.876739    25.990    25.874  6 57049.93287974 14.328
 243  88.363343  62.876512    26.139    26.247  6 57059.84852083 13.715
 244  88.366939  62.876418    24.056    24.930  6 57069.76415654 17.759
 245  88.367337  62.875894    20.013    19.418  6 57079.67978764 19.233
 246  88.364870  62.876168    25.136    25.168  6 57089.59542573 16.714
 247  88.359676  62.877559    21.729    21.825  6 57099.51108350 18.060
 248  88.359303  62.878894    22.237    21.836  6 57109.42673872 19.884
 249  88.360701  62.878609    23.864    24.132  6 57119.34238853  9.446
 250  88.361720  62.877498    19.743    19.722  6 57129.25803224 23.152
