# NaN NaN NaN ;Mean Elev.(m), Avg Gradient(m/km), RMS Gradient(m/km) - SRTM1     
#   -6.996  -0.391   2.181 ;Mean Elev.(m), Avg Gradient(m/km), RMS Gradient(m/km) - ASTER GDEM
#    1.761  -0.212   1.994 ;Mean Elev.(m), Avg Gradient(m/km), RMS Gradient(m/km) - GMTED2010 
   1  87.917051  66.087823    12.130    11.857  4 54663.31037051 23.113
   2  87.921435  66.088842     5.988     6.035  5 54673.22601586 55.438
   3  87.924146  66.090196    11.353    11.653  5 54683.14165963 27.385
   4  87.920735  66.090706     6.557     6.509  5 54693.05730154 55.995
   5  87.924594  66.090061     5.729     5.736  5 54702.97294162 51.636
   6  87.925655  66.088169    14.999    17.477  7 54712.88859082 26.313
   7  87.928021  66.086572     6.300     6.896  7 54722.80424186 36.270
   8  87.925768  66.085945    55.856    55.538  7 54732.71989006 15.481
   9  87.928444  66.086997    49.460    47.927  6 54742.63553718 23.671
  10  87.926492  66.087798    16.479    17.518  7 54752.55118367 25.388
  11  87.925536  66.087556    32.355    33.560  7 54762.46682989 21.850
  12  87.928799  66.086155     4.041     4.010  7 54772.38247399 49.695
  13  87.931503  66.085034     5.999     5.384  7 54782.29811512 28.280
  14  87.930530  66.084976     9.420     8.397  8 54792.21375347 25.067
  17  87.926120  66.088029    22.164    21.583  6 54821.96066950 16.518
  18  87.926173  66.087626    15.823    17.128  7 54831.87632155 18.072
  19  87.926843  66.087786    11.393    11.410  7 54841.79196024 17.807
  20  87.926112  66.088997    14.279    14.060  6 54851.70760914 16.938
  21  87.921053  66.090556    15.926    17.236  5 54861.62325729 16.584
  22  87.919183  66.091281    53.298    51.808  5 54871.53890575  8.905
  23  87.923994  66.090160    54.304    55.694  5 54881.45455312  9.193
  24  87.927697  66.087622    43.238    43.135  7 54891.37019709 12.263
  25  87.929158  66.085529    31.005    31.907  8 54901.28583796 13.824
  26  87.929631  66.085724    31.027    31.277  7 54911.20147700 14.301
  27  87.928079  66.087316    15.246    13.321  7 54921.11711475 15.348
  28  87.927278  66.088369    17.364    17.399  6 54931.03275196 20.125
  29  87.925900  66.087408    61.997    62.047  6 54940.94838771  7.884
  30  87.928932  66.085464     6.199     5.520  7 54950.86402220 24.543
  31  87.931235  66.084117     8.436     8.428  8 54960.77966283 27.651
  32  87.930949  66.084879    12.112    12.124  7 54970.69531146 35.756
  33  87.926157  66.086603    16.725    16.745  7 54980.61095853 31.076
  34  87.924429  66.088149    17.785    17.742  6 54990.52660560 32.188
  35  87.925349  66.088350    15.640    14.732  6 55000.44225268 28.740
  36  87.926346  66.088119    58.210    58.063  6 55010.35789799 11.872
  37  87.930577  66.088010     7.064     7.043  5 55020.27354202 55.243
  38  87.926835  66.088894    13.211    12.753  6 55030.18918414 27.689
  39  87.922477  66.090114     7.991     7.419  6 55040.10482556 30.352
  40  87.921851  66.090748     8.666     7.697  5 55050.02046593 31.343
  41  87.925954  66.089534     6.463     6.598  6 55059.93610457 36.624
  42  87.927461  66.086949     9.928     9.635  7 55069.85174520 27.781
  43  87.929275  66.084862     3.868     3.871  7 55079.76739476 49.238
  44  87.928589  66.084846    10.888     9.854  7 55089.68304218 25.932
  45  87.927198  66.086588    59.320    59.456  7 55099.59868842  9.740
  46  87.923972  66.088214     4.413     4.412  6 55109.51433398 36.638
  47  87.924481  66.087872    67.424    65.866  6 55119.42997845 18.028
  48  87.927533  66.085788     3.893     3.959  7 55129.34562060 52.379
  49  87.931042  66.083963    12.119    11.916  8 55139.26126077 29.310
  50  87.929738  66.084277    12.265    12.255  8 55149.17689928 24.814
  51  87.930552  66.086559    26.580    27.799  7 55159.09253764 22.668
  52  87.926165  66.088483    24.029    25.499  7 55169.00817521 20.053
  53  87.922624  66.088874    14.494    14.027  6 55178.92381186 18.780
  54  87.926960  66.088130    16.322    13.407  6 55188.83945810 18.883
  55  87.925460  66.087836    17.564    15.281  6 55198.75510858 17.278
  56  87.925289  66.088728    18.898    17.047  6 55208.67075832 17.069
  57  87.922467  66.090053    46.276    46.427  6 55218.58640732 10.772
  58  87.924780  66.090312    45.742    45.504  6 55228.50205599 10.736
  59  87.924072  66.088910    44.939    44.925  6 55238.41770131 10.418
  60  87.929317  66.086597    47.216    48.475  7 55248.33334360 10.032
  61  87.928894  66.084891    43.818    43.559  7 55258.24898297 10.354
  62  87.930606  66.085110    42.805    42.806  7 55268.16462179  9.614
  63  87.929031  66.086674    45.560    44.352  7 55278.08025996  9.851
  64  87.926924  66.087678    55.586    55.112  7 55287.99589682  9.784
  65  87.928319  66.087314    49.132    49.452  7 55297.91153160  9.880
  66  87.930625  66.085578    65.553    65.540  7 55307.82717405  1.738
  67  87.932252  66.084315    70.861    70.177  8 55317.74282053  2.921
  68  87.929644  66.084656     6.546     6.586  7 55327.65846556 28.090
  69  87.928085  66.086576    11.644    11.608  7 55337.57410994 34.627
  70  87.925889  66.088424    17.415    17.430  6 55347.48975381 34.321
  71  87.921853  66.088998    16.959    17.010  6 55357.40539587 29.873
  72  87.926059  66.088838    56.004    56.030  6 55367.32103662 16.406
  73  87.927007  66.088433    15.706    17.874  6 55377.23667561 26.982
  74  87.924787  66.088611     6.592     6.585  6 55387.15231347 56.303
  75  87.926066  66.089186    57.132    57.533  6 55397.06795073  9.046
  76  87.922645  66.089063    56.880    57.184  6 55406.98359321 12.870
  77  87.926104  66.088037    12.355    11.947  7 55416.89924465 27.755
  78  87.926724  66.086098    15.862    17.482  7 55426.81489240 24.735
  79  87.929761  66.084956    54.778    54.786  7 55436.73053770 12.871
  80  87.930512  66.085238    55.506    55.490  7 55446.64618151 12.294
  81  87.926035  66.086334    13.500    13.318  7 55456.56182436 25.167
  82  87.927143  66.087390    58.102    59.148  6 55466.47746704 11.148
  83  87.927464  66.086998    17.200    17.202  7 55476.39310648 27.431
  84  87.931288  66.085684    15.347    15.595  7 55486.30874305 28.156
  85  87.932232  66.084521    48.560    48.911  8 55496.22437718 10.582
  86  87.931059  66.085099    13.947    11.917  7 55506.14001234 22.713
  87  87.927265  66.086752     4.715     4.766  7 55516.05566254 44.803
  88  87.925784  66.088407     4.739     4.772  6 55525.97131203 34.900
  89  87.922877  66.088969     4.270     4.263  6 55535.88695936 31.383
  90  87.924674  66.088863     3.813     3.831  6 55545.80260499 27.431
  91  87.923366  66.088803     6.358     6.609  6 55555.71824851 25.688
  92  87.927509  66.089323    11.885    11.957  6 55565.63389163 22.148
  93  87.926891  66.089329    12.287    12.186  6 55575.54953370 21.327
  94  87.926231  66.088273    10.003     9.433  7 55585.46517405 21.412
  95  87.930384  66.086757    13.168    12.396  7 55595.38081153 19.697
  96  87.928738  66.085440    12.301    12.255  7 55605.29644527 19.306
  97  87.928581  66.085140    12.414    12.513  7 55615.21207707 19.142
  98  87.928442  66.085835    14.091    12.261  7 55625.12771737 17.835
  99  87.925364  66.086418    13.358    12.015  7 55635.04336940 18.494
 100  87.928375  66.086563    13.254    11.820  7 55644.95901980 18.849
 101  87.928782  66.086009    13.805    14.201  7 55654.87466717 17.932
 102  87.929337  66.085350    64.411    64.584  7 55664.79031002  6.671
 103  87.928731  66.085322     5.005     5.011  7 55674.70594981 48.947
 104  87.931518  66.086276    13.149    13.077  7 55684.62158831 47.301
 105  87.928024  66.087408    17.190    17.149  6 55694.53722505 49.864
 106  87.928054  66.088321    15.580    15.606  6 55704.45286075 31.880
 107  87.927303  66.088585    14.231    12.814  6 55714.36850722 29.146
 108  87.924437  66.088625    13.128    14.222  6 55724.28415603 27.655
 109  87.926882  66.089087    57.421    56.733  6 55734.19980337  8.913
 110  87.924611  66.089461    11.137     8.137  5 55744.11544902 29.209
 111  87.924772  66.089176    56.758    56.065  6 55754.03109336  8.007
 112  87.926616  66.087740    14.367    15.213  6 55763.94673556 25.608
 113  87.931358  66.086015    12.615    12.449  7 55773.86237520 28.730
 114  87.930712  66.084810    16.226    17.706  7 55783.77801101 24.919
 115  87.930394  66.085385     7.435     5.604  7 55793.69364446 51.006
 116  87.927952  66.086581     6.220     6.227  7 55803.60928035 39.981
 117  87.926379  66.087205     6.238     6.239  6 55813.52492993 42.616
 118  87.929061  66.086567     5.311     5.363  7 55823.44057795 48.442
 119  87.928138  66.085281    10.911    11.486  7 55833.35622090 26.366
 120  87.929582  66.084728    57.971    58.215  8 55843.27185989 12.389
 121  87.927513  66.085454    56.911    55.790  7 55853.18749553 10.938
 122  87.928405  66.087220     4.287     4.290  7 55863.10313167 50.714
 123  87.925776  66.088498     4.716     4.708  6 55873.01878551 38.139
 133  87.929794  66.085507    14.838    15.204  7 55972.17522319 21.077
 134  87.927503  66.087318    13.766    12.765  7 55982.09085909 21.487
 135  87.927095  66.087732    12.570    12.329  6 55992.00649359 21.743
 136  87.927526  66.086665    13.750    13.541  6 56001.92214085 21.531
 137  87.930681  66.085002     9.321     8.744  8 56011.83779102 25.339
 138  87.930724  66.084619    64.678    64.379  8 56021.75343728  4.455
 139  87.925814  66.085908    11.741     9.916  7 56031.66908025 13.872
 141  87.925539  66.089502     4.732     4.781  6 56051.50036064 37.713
 142  87.926166  66.089404    10.117     9.598  6 56061.41599692 31.438
 143  87.925967  66.088247    16.585    16.622  7 56071.33163536 35.118
 144  87.926771  66.087920    15.690    15.714  6 56081.24728603 40.370
 145  87.924684  66.088557    10.801    10.832  3 56091.16293381 56.747
 146  87.922980  66.089590    16.089    17.379  6 56101.07857926 26.225
 147  87.923515  66.089301     5.881     5.078  6 56110.99421066 34.666
 148  87.926325  66.087398     8.023     7.980  6 56120.90985050 27.911
 149  87.931123  66.085013     5.518     3.447  7 56130.82548681 36.446
 150  87.930776  66.083958     8.744     9.135  8 56140.74112090 28.738
 151  87.930120  66.085414    10.559    10.471  8 56150.65677185 27.354
 152  87.925635  66.087518     2.822     2.824  6 56160.57242059 41.198
 153  87.925009  66.088381     2.859     2.923  6 56170.48806805 42.422
 154  87.926788  66.087152    58.800    57.691  7 56180.40371176  9.938
 155  87.931168  66.085380    12.702    12.228  7 56190.31935169 26.036
 156  87.929206  66.084649    12.645    12.249  7 56200.23498816 25.247
 157  87.930519  66.086268    15.247    14.212  7 56210.15062252 26.149
 158  87.925160  66.088499     2.260     2.267  7 56220.06625443 40.220
 159  87.923552  66.090107     2.917     2.920  5 56229.98190386 33.882
 160  87.924299  66.089799    35.940    34.806  5 56239.89755722 23.027
 161  87.925424  66.088767    37.405    37.683  7 56249.81320667 22.299
 162  87.926000  66.087909    38.549    38.080  6 56259.72885125 21.665
 163  87.925503  66.088332    44.287    44.299  6 56269.64449311 15.602
 164  87.926028  66.088965    44.432    44.377  6 56279.56013334 15.698
 165  87.926666  66.089119    44.387    44.422  6 56289.47578424 14.531
 166  87.928327  66.087535    16.894    15.997  7 56299.39143274 18.157
 167  87.930153  66.085415    14.457    13.068  8 56309.30707726 18.823
 168  87.930638  66.084393    13.420    12.769  7 56319.22271926 17.131
 169  87.927075  66.085529    43.723    42.902  7 56329.13835995 12.919
 170  87.925870  66.087476    43.449    43.327  7 56339.05400001 13.324
 171  87.926299  66.088445    47.971    48.362  6 56348.96963814 11.944
 172  87.928416  66.087381    44.647    44.353  7 56358.88527368 11.772
 173  87.931557  66.085777    44.413    43.209  7 56368.80092456 10.995
 175  87.928172  66.086976    47.084    47.186  6 56388.63221744  7.608
 176  87.925473  66.089296    58.301    59.179  6 56398.54786062  7.054
 177  87.922727  66.090564    61.577    62.706  6 56408.46350133  4.804
 178  87.925264  66.090172     5.770     4.965  6 56418.37913823 34.748
 179  87.927645  66.088803    17.642    17.633  6 56428.29477107 49.194
 180  87.925469  66.088046    18.634    18.612  6 56438.21042474 31.841
 181  87.925796  66.088267    13.526    13.558  6 56448.12607605 54.970
 182  87.928263  66.088941    17.854    17.808  6 56458.04172536 27.510
 183  87.923258  66.088412     6.653     6.589  6 56467.95737069 44.710
 184  87.926521  66.087256     8.333     8.460  7 56477.87301272 29.883
 185  87.929577  66.085684     9.426    10.214  7 56487.78865092 31.511
 187  87.928754  66.085838     5.103     3.227  8 56507.61992038 45.822
 188  87.925524  66.087157     7.563     6.880  7 56517.53555741 27.899
 189  87.926078  66.087882     8.225     8.806  6 56527.45121177 27.616
 190  87.925897  66.087480    56.944    57.149  7 56537.36686180  6.566
 192  87.929232  66.086537    58.666    59.717  7 56557.19815174  7.808
 193  87.926807  66.087647    16.731    17.350  6 56567.11379409 30.994
 194  87.926615  66.089483     3.860     3.897  6 56577.02943532 40.496
 195  87.923864  66.090355     3.284     3.277  5 56586.94507282 46.902
 196  87.924756  66.090013     4.360     4.319  6 56596.86071291 44.607
 197  87.927719  66.089106     8.147     9.669  6 56606.77636505 16.395
 198  87.925281  66.088373     5.976     4.881  6 56616.69201180 20.157
 199  87.925487  66.088265    15.352    15.155  6 56626.60765534 20.376
 200  87.924081  66.088206     6.371     6.660  6 56636.52329599 19.783
 201  87.926295  66.087723    10.585    10.514  6 56646.43893675 19.020
 202  87.929196  66.086873    10.098    10.163  7 56656.35458926 19.239
 203  87.929629  66.085861    12.724    11.990  7 56666.27023721 18.626
 205  87.928004  66.086715    15.341    14.836  6 56686.10152653 16.276
 206  87.928070  66.087639    13.411    13.385  7 56696.01716874 15.681
 207  87.927084  66.087732    14.608    13.794  6 56705.93280628 15.551
 208  87.926901  66.087079    14.728    14.196  6 56715.84843883 16.214
 209  87.929721  66.086937    32.197    33.785  7 56725.76409256 13.169
 211  87.923331  66.089048    11.185    12.408  6 56745.59538765 17.339
 212  87.910464  66.089733    58.009    58.009  2 56755.51102837  0.464
 213  87.922340  66.090033     4.086     4.087  6 56765.42666568 28.343
 214  87.927125  66.089327     5.531     5.542  6 56775.34230498 23.904
 215  87.922556  66.088832     7.988     8.006  6 56785.25796131 39.140
 216  87.923533  66.088963    18.253    18.259  6 56795.17361451 32.424
 217  87.926188  66.089158    16.352    16.355  6 56805.08926391 31.117
 219  87.927019  66.087189    14.389    13.820  7 56824.92054496 30.306
 220  87.929354  66.086091    12.436    11.488  7 56834.83618012 37.749
 221  87.926859  66.085851    14.098    13.990  7 56844.75181150 24.629
 222  87.926796  66.086678    10.499    10.294  7 56854.66745659 27.105
 223  87.928238  66.087665     4.395     4.326  7 56864.58311041 41.235
 224  87.925193  66.087790    56.933    55.435  6 56874.49876310  6.570
 225  87.926230  66.087517    10.546    11.260  7 56884.41441299 27.486
 226  87.925344  66.087123    57.414    56.658  7 56894.33005957  9.068
 227  87.927053  66.087548    56.822    56.606  7 56904.24570321 12.529
 228  87.925006  66.088786    56.892    56.537  6 56914.16134446 13.078
 229  87.924925  66.090094    17.888    17.834  5 56924.07698413 28.113
 230  87.922626  66.090523     8.869     9.880  6 56933.99262095 36.824
 231  87.925441  66.089877     6.920     6.110  6 56943.90825293 35.740
 232  87.926978  66.088744     3.901     3.934  6 56953.82390049 47.361
 233  87.928287  66.088209     4.564     4.555  6 56963.73955075 39.353
 234  87.925501  66.088589    14.800    14.380  6 56973.65519591 22.369
 235  87.927331  66.089221     5.306     4.699  6 56983.57083715 22.603
 236  87.924038  66.088537    11.898    11.442  6 56993.48647310 18.489
 237  87.927828  66.086783    10.171    10.530  7 57003.40211044 18.667
 238  87.927453  66.085287    15.444    15.532  7 57013.31776688 18.105
 239  87.931794  66.085392    13.831    13.671  7 57023.23341846 17.303
 240  87.926025  66.086983    58.067    58.549  7 57033.14906654 10.146
 241  87.925910  66.088539    15.675    15.877  6 57043.06471285 17.834
 242  87.923890  66.088638    52.933    53.223  6 57052.98035661 10.955
 243  87.928207  66.087470    13.434    12.909  6 57062.89599647 16.890
 244  87.926515  66.086483    13.427    12.320  7 57072.81163060 17.268
 245  87.928806  66.087158    13.196    12.840  7 57082.72726123 17.206
 246  87.925708  66.089196    13.962    14.075  6 57092.64290829 17.187
 247  87.922937  66.091086    14.966    14.844  5 57102.55856519 16.540
 248  87.922496  66.091241    15.751    15.264  5 57112.47421865 20.336
 249  87.922145  66.089642    70.053    69.800  6 57122.38986614  6.228
 250  87.926946  66.088036     5.681     6.297  7 57132.30550858 18.642
