# NaN NaN NaN ;Mean Elev.(m), Avg Gradient(m/km), RMS Gradient(m/km) - SRTM1     
#    3.046  -4.529   7.296 ;Mean Elev.(m), Avg Gradient(m/km), RMS Gradient(m/km) - ASTER GDEM
#    2.563  -2.399  10.434 ;Mean Elev.(m), Avg Gradient(m/km), RMS Gradient(m/km) - GMTED2010 
   1  87.332572  66.136290    17.370    18.506  8 54660.34368906 16.081
   2  87.334376  66.136078    18.467    19.808  8 54670.25933494 22.188
   4  87.327515  66.137868    22.672    19.416  7 54690.09062116 16.707
   5  87.324994  66.138142    -9.580    -9.528  7 54700.00626156 12.973
   6  87.328434  66.137060    21.881    19.763  7 54709.92190702 17.911
   7  87.335885  66.135545     4.485     4.393  8 54719.83755903 26.666
   8  87.339996  66.134088    17.035    16.657  9 54729.75320813 21.585
   9  87.341478  66.133831    19.099    18.787  8 54739.66885541 20.576
  10  87.340312  66.134356    22.347    19.831  8 54749.58450245 22.749
  11  87.336173  66.134927    50.838    53.014  8 54759.50014901 18.442
  12  87.338588  66.134865    27.063    28.883  8 54769.41579383 18.211
  13  87.340205  66.134025     7.831     7.854  9 54779.33143521 28.494
  14  87.341213  66.133026    15.601    12.967  9 54789.24707403 21.656
  15  87.342879  66.133019    12.639    12.230  8 54799.16271186 20.819
  17  87.338405  66.135339    13.790    12.966  8 54818.99398656 16.744
  18  87.331700  66.136007    27.183    28.308  8 54828.90963823 14.870
  19  87.333863  66.136282    13.276    13.375  8 54838.82527727 15.323
  20  87.330228  66.136683    17.708    16.687  8 54848.74092610 15.468
  21  87.328150  66.137433    29.640    28.338  8 54858.65657456 15.045
  22  87.324717  66.138099    23.082    24.259  7 54868.57222303 14.733
  23  87.326726  66.137662    14.856    11.919  8 54878.48787113 16.462
  24  87.330776  66.136148    12.431    12.175  8 54888.40351631 15.919
  25  87.338313  66.134433    14.824    13.013  9 54898.31915852 16.238
  26  87.340599  66.133849    12.367    11.916  9 54908.23479775 17.047
  27  87.338402  66.134398    12.413    12.034  8 54918.15043531 15.452
  28  87.338502  66.135061     8.865     8.383  8 54928.06607293 13.736
  29  87.337803  66.134765    17.187    14.313  9 54937.98170978 12.365
  31  87.344918  66.132990     6.782     6.217  9 54957.81298097 23.401
  32  87.346714  66.133103    58.769    55.237  6 54967.72862965  8.213
  33  87.341067  66.133959    17.689    17.691  9 54977.64427662 55.181
  34  87.339274  66.134967    18.327    18.214  8 54987.55992398 30.542
  35  87.337374  66.135457    18.056    17.811  8 54997.47557148 28.451
  36  87.333811  66.135670    16.991    16.726  8 55007.39121708 23.522
  37  87.331214  66.136024    16.160    16.210  8 55017.30686070 22.413
  38  87.331286  66.136857    26.221    29.147  7 55027.22250314 16.137
  39  87.326776  66.137897    28.877    29.200  7 55037.13814470 15.793
  40  87.324451  66.138139    30.541    31.208  8 55047.05378546 14.649
  41  87.331311  66.136995    26.787    26.766  8 55056.96942514 17.033
  42  87.337591  66.134827    27.104    28.975  8 55066.88506238 14.073
  43  87.341123  66.133339    16.322    16.367  8 55076.80071309 19.626
  44  87.343171  66.133417    19.069    20.064  9 55086.71636106 20.194
  45  87.339784  66.134531    20.278    20.387  8 55096.63200690 20.876
  46  87.336089  66.135305     8.902     7.494  8 55106.54765237 30.669
  47  87.337856  66.134832    17.239    16.907  8 55116.46329789 23.824
  48  87.343388  66.133445    23.427    21.484  9 55126.37894141 21.060
  49  87.344830  66.132436    61.919    60.928  9 55136.29458214  9.501
  50  87.344812  66.132697    21.288    23.748  9 55146.21022071 22.172
  51  87.339878  66.134191    25.575    25.822  9 55156.12585812 19.362
  52  87.334897  66.135435    32.114    36.139  8 55166.04149563 16.066
  53  87.332866  66.135997    34.639    36.793  8 55175.95713314 14.857
  54  87.337626  66.135624    29.917    29.629  8 55185.87277526 15.424
  55  87.331716  66.135597    33.467    32.862  8 55195.78842578 14.372
  56  87.333126  66.136608    32.498    36.881  8 55205.70407572 14.405
  57  87.327221  66.137987    35.074    37.427  7 55215.61972436 12.403
  58  87.323958  66.138299    38.846    38.763  7 55225.53537269 11.415
  59  87.330692  66.136772    34.786    36.574  7 55235.45101977 12.978
  60  87.338365  66.134154    27.976    28.691  8 55245.36666360 15.488
  61  87.345666  66.132364    18.968    18.029  8 55255.28230460 16.157
  62  87.342781  66.132833    25.825    26.485  9 55265.19794316 15.290
  63  87.337131  66.134802    27.543    26.752  9 55275.11358064 14.540
  64  87.334125  66.135895    32.252    35.825  8 55285.02921759 13.059
  65  87.336767  66.134911    27.164    27.145  9 55294.94485327 15.029
  66  87.342862  66.132802    24.264    26.860  9 55304.86049239 15.260
  67  87.347363  66.131642    11.600    13.440  9 55314.77614004  9.474
  69  87.339385  66.134719     8.423     8.387  8 55334.60742903 31.232
  70  87.330544  66.136243    13.788    13.766  8 55344.52307217 35.882
  71  87.330053  66.136297    17.404    17.333  8 55354.43871533 30.886
  72  87.331940  66.135778    18.448    18.701  8 55364.35435664 24.462
  73  87.336620  66.135665    19.240    19.210  8 55374.26999653 23.793
  74  87.329770  66.136428    16.732    16.807  8 55384.18563419 22.638
  75  87.329520  66.137456    16.991    16.559  8 55394.10127162 22.420
  76  87.328161  66.137705    17.683    17.196  8 55404.01690923 20.270
  77  87.332672  66.136286    53.451    51.907  8 55413.93256134 30.883
  78  87.341867  66.133917    18.621    19.547  8 55423.84821089 21.106
  79  87.343515  66.132077     5.349     5.336  9 55433.76385715 39.349
  80  87.344777  66.132555    20.932    20.950  8 55443.67950177 19.123
  81  87.338776  66.134265    18.859    20.553  8 55453.59514441 21.968
  82  87.333119  66.135789    18.469    19.639  8 55463.51078628 23.121
  83  87.334969  66.135213    18.556    19.447  8 55473.42642657 21.713
  84  87.343578  66.133280    36.450    37.960  8 55483.34206461 14.608
  85  87.348370  66.131602    18.551    19.198  9 55493.25770018 23.259
  86  87.346244  66.132233    54.314    54.853  9 55503.17333375 23.720
  87  87.337456  66.134521    54.779    54.375  9 55513.08898004 17.487
  88  87.330577  66.136589    55.125    53.515  7 55523.00462899 17.293
  89  87.329617  66.137105    29.034    28.474  7 55532.92027694 15.127
  90  87.334714  66.136308    16.819    17.709  8 55542.83592372 24.150
  91  87.336311  66.135689    16.559    16.281  8 55552.75156817 22.525
  92  87.334628  66.136240    20.124    21.541  8 55562.66721108 21.067
  93  87.327839  66.137214    26.177    27.100  8 55572.58285287 18.223
  94  87.327970  66.137262    29.477    27.605  8 55582.49849403 15.814
  95  87.335846  66.135703    25.148    25.444  8 55592.41413255 17.274
  96  87.342112  66.133380    20.674    22.150  9 55602.32976761 18.414
  97  87.348927  66.132058    18.905    15.835  9 55612.24540061 17.920
  98  87.344016  66.132573    20.931    20.559  9 55622.16103456 16.822
  99  87.338969  66.134375    27.262    27.365  9 55632.07668700 15.423
 100  87.336182  66.135381    29.207    29.402  8 55641.99233745 14.934
 101  87.336440  66.134826    22.984    22.725  8 55651.90798534 16.244
 102  87.342617  66.133047    20.418    17.269  8 55661.82362977 13.251
 103  87.346438  66.132156     4.519     4.496  9 55671.73927085 46.144
 104  87.345992  66.132912     9.242     9.223  9 55681.65491000 35.139
 105  87.338318  66.134905    17.614    17.597  8 55691.57054684 54.605
 106  87.330817  66.136527    17.917    18.366  7 55701.48618206 27.329
 107  87.328510  66.136987    13.947    14.010  8 55711.40182330 51.606
 108  87.331764  66.136537    17.418    17.256  8 55721.31747335 22.711
 109  87.333735  66.136235     6.976     5.210  8 55731.23312121 30.975
 110  87.330940  66.136296    17.745    17.252  8 55741.14876736 19.880
 111  87.330791  66.136566    18.804    18.567  7 55751.06441251 18.016
 112  87.332950  66.136250    18.057    18.016  8 55760.98005551 19.970
 113  87.334241  66.135167    15.259    16.092  8 55770.89569557 21.039
 114  87.342133  66.133529    55.022    55.154  9 55780.81133279 28.508
 115  87.345912  66.132626     6.154     6.126  9 55790.72696704 49.832
 116  87.344701  66.132933    14.013    13.733  9 55800.64259966 25.272
 117  87.339623  66.134136    19.573    20.191  8 55810.55824805 19.893
 118  87.336602  66.135008     5.730     5.797  8 55820.47389660 45.912
 119  87.339128  66.134712    18.555    19.588  8 55830.38954098 23.044
 120  87.341826  66.133422     4.070     3.970  9 55840.30518082 41.961
 121  87.344913  66.132629    21.711    21.328  9 55850.22081765 19.677
 122  87.342012  66.133463    51.437    51.419  9 55860.13645193 26.006
 123  87.333671  66.135282    53.475    55.354  8 55870.05210203 18.403
 133  87.340585  66.133212    12.899    12.819  9 55969.20854406 20.269
 134  87.340279  66.134135    12.769    12.787  9 55979.12418050 20.204
 135  87.340006  66.134604    12.981    13.184  8 55989.03981621 19.404
 136  87.337822  66.134352    12.601    12.649  8 55998.95545798 20.331
 137  87.340870  66.133717    13.214    13.085  9 56008.87110921 19.381
 138  87.340332  66.133285    16.443    16.176  9 56018.78675594 15.951
 139  87.340378  66.133759    10.755    10.655  9 56028.70239980 13.846
 141  87.352676  66.136246     4.078     4.078  2 56048.53368318 13.191
 143  87.329343  66.136592    16.075    16.033  8 56068.36495150 30.957
 144  87.331355  66.136567    16.477    14.857  8 56078.28060300 30.888
 145  87.331571  66.136746    14.885    15.934  7 56088.19625162 26.884
 146  87.330494  66.137016    16.836    17.173  7 56098.11189762 21.354
 147  87.333343  66.136489    51.314    56.262  8 56108.02754172 20.376
 148  87.334632  66.134983     9.754    10.815  8 56117.94317127 24.792
 150  87.345677  66.132734    16.333    15.556  9 56137.77444331 19.289
 151  87.342746  66.133539    50.678    48.919  9 56147.69008926 25.088
 152  87.336923  66.134786    26.657    27.464  9 56157.60573794 15.919
 155  87.341007  66.133466     2.919     2.912  9 56187.35267300 31.753
 156  87.342480  66.133086    16.758    16.892  8 56197.26831041 20.550
 157  87.337802  66.134156    18.501    18.899  8 56207.18394430 20.536
 158  87.334015  66.135963    28.489    28.650  7 56217.09957672 18.833
 159  87.330818  66.137204    49.389    50.909  8 56227.01521895 20.277
 160  87.331056  66.137081    23.583    19.671  8 56236.93087372 21.592
 161  87.332123  66.136352    11.344    11.540  8 56246.84652469 25.163
 162  87.333029  66.136027    12.988    10.628  8 56256.76217059 23.552
 163  87.330272  66.136673    12.339    10.849  7 56266.67781259 23.143
 164  87.327996  66.137257    11.242    10.766  7 56276.59345295 21.513
 165  87.329850  66.136775    11.856    12.154  8 56286.50910022 20.401
 166  87.338117  66.134851    11.660    11.661  8 56296.42475082 19.352
 167  87.342960  66.132773    13.564    12.286  9 56306.34039709 18.035
 168  87.347881  66.132352    18.244    15.496  9 56316.25604022 16.748
 169  87.342112  66.133894    16.768    16.259  8 56326.17168068 20.555
 170  87.335876  66.135634    23.023    24.396  8 56336.08732015 16.816
 171  87.333310  66.135908    26.602    25.753  7 56346.00295863 17.890
 172  87.336866  66.134575    25.269    24.996  8 56355.91859525 16.201
 173  87.341909  66.133119    22.512    25.520  9 56365.83424237 16.400
 174  87.342596  66.133110    20.763    18.559  8 56375.74989115 17.245
 176  87.328444  66.137017    36.106    37.274  7 56395.58117933 10.941
 177  87.325076  66.137969    15.556    17.170  8 56405.49682063 18.999
 178  87.331283  66.137629    56.115    56.988  7 56415.41245953  4.064
 179  87.331853  66.136239    16.123    16.229  7 56425.32809310 53.719
 180  87.333329  66.135692    18.696    18.409  8 56435.24374134 28.828
 181  87.334334  66.136196    17.705    17.843  8 56445.15939339 25.916
 182  87.329359  66.137200    10.586    10.572  7 56455.07504245 46.194
 183  87.331391  66.136952    17.036    17.409  7 56464.99068918 22.066
 184  87.335206  66.135132     5.728     5.714  8 56474.90633241 34.474
 185  87.343451  66.132887     5.108     5.166  8 56484.82197259 50.343
 187  87.340083  66.133589    17.880    19.404  8 56504.65324316 19.527
 189  87.333756  66.136436    25.429    20.579  8 56524.48452760 13.255
 190  87.336507  66.135238    16.285    16.181  8 56534.40017915 21.604
 192  87.342433  66.133355     4.665     4.664  8 56554.23147176 29.472
 193  87.336985  66.135167    55.094    53.574  8 56564.14711405 20.568
 194  87.327634  66.137521    30.729    31.059  8 56574.06275468 16.346
 195  87.324253  66.138678    56.500    56.004  7 56583.97839326 17.948
 196  87.326480  66.137844    53.277    53.241  7 56593.89402768 19.216
 197  87.331405  66.136346    53.193    52.619  8 56603.80968156 12.996
 198  87.337469  66.135490     9.830     9.385  8 56613.72533075 18.566
 199  87.332480  66.135935    14.351    13.198  8 56623.64097490 17.219
 200  87.333014  66.136657    10.972     9.611  8 56633.55661672 19.885
 201  87.331891  66.136581     8.901     9.346  7 56643.47225369 20.593
 202  87.339264  66.135091    14.678    13.630  8 56653.38790595 19.156
 203  87.342047  66.133229    20.128    14.714  9 56663.30355530 17.404
 204  87.344902  66.132518    19.153    17.241  9 56673.21920190 15.204
 205  87.339777  66.133882    14.162    14.336  9 56683.13484642 15.382
 206  87.332281  66.135586    15.113    13.638  8 56693.05048861 15.144
 207  87.332583  66.136460    14.234    14.864  7 56702.96612732 15.044
 208  87.335800  66.135449    13.540    13.646  8 56712.88176112 15.626
 209  87.339969  66.134241    13.263    13.357  9 56722.79740904 15.840
 210  87.337883  66.134051    13.180    13.569  8 56732.71305984 15.623
 211  87.332344  66.135767    15.027    12.422  8 56742.62870683 16.140
 212  87.327718  66.137866    19.396    19.278  8 56752.54434955 12.185
 213  87.324208  66.138756    37.269    36.720  7 56762.45998711  2.077
 214  87.327575  66.137944     4.466     4.409  7 56772.37561837 22.200
 215  87.326881  66.136502    53.354    54.094  6 56782.29127622  7.637
 216  87.335667  66.135725    18.407    18.481  8 56792.20693126 27.862
 217  87.334021  66.135880    17.273    17.336  8 56802.12258248 29.783
 218  87.330292  66.136386    16.022    15.763  8 56812.03822597 25.567
 219  87.332609  66.136245    13.491    13.513  7 56821.95386599 49.629
 220  87.335791  66.135020    12.169    12.161  8 56831.86950189 45.918
 221  87.341096  66.133568     8.611     8.590  9 56841.78513462 46.439
 222  87.343516  66.133214    14.695    14.969  8 56851.70077298 22.482
 223  87.338725  66.134186    53.966    54.946  9 56861.61642687 20.752
 224  87.333518  66.135624    27.931    29.514  8 56871.53208010 14.538
 225  87.331451  66.136184    17.675    17.239  8 56881.44773067 19.313
 226  87.335167  66.135790    18.098    17.705  8 56891.36337807 21.116
 227  87.339269  66.135002    16.179    16.878  8 56901.27902254 24.305
 228  87.333979  66.135352    18.943    19.813  8 56911.19466418 19.863
 229  87.332041  66.136580    18.706    19.225  8 56921.11030454 22.869
 230  87.327275  66.137982    26.470    29.216  8 56931.02594247 21.377
 231  87.325625  66.138266    30.679    31.543  8 56940.94157562 17.521
 232  87.327515  66.137563    52.542    51.926  8 56950.85721577 19.655
 233  87.332528  66.136483    52.833    50.755  7 56960.77286783 13.411
 234  87.331227  66.135858    31.973    32.672  8 56970.68851432 17.071
 235  87.331757  66.135818    29.634    29.062  8 56980.60415700 14.887
 236  87.335947  66.135889    13.246    13.107  8 56990.51979561 18.106
 237  87.336864  66.135314    12.872    12.834  8 57000.43542758 17.824
 238  87.336895  66.134539    18.565    16.233  8 57010.35108298 16.181
 239  87.339350  66.133780    11.394    10.279  9 57020.26673526 18.484
 240  87.341186  66.133982    19.636    17.549  9 57030.18238453 16.015
 241  87.337572  66.134733    16.904    16.044  8 57040.09803156 15.121
 242  87.335779  66.135633    13.501    13.521  8 57050.01367656 15.622
 243  87.336793  66.135820    13.988    13.869  8 57059.92931778 14.239
 244  87.338016  66.135537    14.932    14.772  8 57069.84495334 15.822
 245  87.337244  66.135434    14.268    13.228  8 57079.76058440 14.936
 246  87.334724  66.136195    20.218    15.708  8 57089.67622267 15.346
 247  87.327608  66.137470    28.110    28.288  8 57099.59188005 13.640
 248  87.326252  66.138309    22.193    24.700  7 57109.50753494 13.017
 249  87.325093  66.137846    37.188    39.128  7 57119.42318443 10.137
 250  87.331153  66.136783    14.093    14.956  7 57129.33882861  9.188
