# NaN NaN NaN ;Mean Elev.(m), Avg Gradient(m/km), RMS Gradient(m/km) - SRTM1     
#   -6.994   0.232   2.943 ;Mean Elev.(m), Avg Gradient(m/km), RMS Gradient(m/km) - ASTER GDEM
#    1.012  -0.883   2.810 ;Mean Elev.(m), Avg Gradient(m/km), RMS Gradient(m/km) - GMTED2010 
   1  87.666750  66.080301     6.402     6.219  8 54663.31034761 31.802
   2  87.631064  66.080089     5.752     5.747 19 54673.22598929 47.698
   3  87.627310  66.081250   -13.778   -13.973 19 54683.14163247 10.511
   4  87.627125  66.081851     6.348     6.358 20 54693.05727468 54.461
   5  87.627774  66.081106   -19.654   -21.578 19 54702.97291446 26.084
   6  87.632090  66.079318    11.463    10.371 18 54712.88856396 24.588
   7  87.637702  66.077832    -9.758    -9.706 17 54722.80421530 14.881
   8  87.635454  66.077210    27.587    30.982 17 54732.71986349 21.727
   9  87.634884  66.078174    25.834    25.582 17 54742.63551032 22.606
  10  87.632911  66.078972    16.383    16.396 18 54752.55115680 23.429
  11  87.631946  66.078727    14.784    15.331 18 54762.46680303 28.832
  12  87.638439  66.077430     3.901     3.911 17 54772.38244743 46.300
  13  87.637920  66.076211     4.894     4.920 16 54782.29808826 30.919
  14  87.640170  66.076248     4.622     3.983 16 54792.21372690 27.557
  17  87.629300  66.079081     7.100     6.178 18 54821.96064235 20.552
  18  87.632591  66.078784     7.736     7.872 18 54831.87629469 23.730
  19  87.633263  66.078951     4.205     4.199 18 54841.79193338 22.321
  20  87.629292  66.080067    10.560    12.021 18 54851.70758198 20.651
  21  87.627437  66.081719    10.898    12.917 20 54861.62323043 20.564
  22  87.625551  66.082442    24.879    25.484 20 54871.53887889 18.575
  23  87.627140  66.081229    27.520    28.177 19 54881.45452596 18.036
  24  87.634091  66.078797    28.028    29.051 18 54891.37017023 17.841
  25  87.638796  66.076808    28.642    29.740 16 54901.28581139 17.827
  26  87.636045  66.076905    28.222    29.728 16 54911.20145014 17.650
  27  87.634483  66.078494     6.018     5.550 18 54921.11708788 20.474
  28  87.630458  66.079440     4.407     4.280 18 54931.03272480 20.394
  29  87.632330  66.078569    23.325    23.711 17 54940.94836085 14.346
  30  87.638622  66.076723     5.954     5.122 17 54950.86399564 25.855
  31  87.647396  66.075581     7.885     7.813 14 54960.77963686 24.925
  32  87.637430  66.076046    11.139    11.151 16 54970.69528460 33.302
  33  87.635837  66.077863    16.925    16.951 17 54980.61093196 32.899
  34  87.634083  66.079406    17.511    17.401 18 54990.52657903 33.233
  35  87.631767  66.079510    16.105    16.206 19 55000.44222582 26.164
  36  87.629534  66.079183    27.981    28.549 18 55010.35787084 19.692
  37  87.630534  66.078982     6.702     6.721 18 55020.27351457 35.016
  38  87.630009  66.079960    15.083    16.116 18 55030.18915698 21.510
  39  87.628868  66.081271    22.277    23.494 19 55040.10479870 19.300
  40  87.628243  66.081899    15.392    16.008 20 55050.02043907 21.280
  41  87.625918  66.080486     3.957     3.956 19 55059.93607712 43.808
  42  87.633913  66.078104     4.336     3.587 18 55069.85171834 38.774
  43  87.638976  66.076129     3.646     3.624 15 55079.76736819 45.178
  44  87.641511  66.076219    22.358    23.010 16 55089.68301591 23.445
  45  87.636865  66.077862    21.084    17.915 17 55099.59866185 21.962
  46  87.633610  66.079482    19.585    18.248 18 55109.51430742 21.699
  47  87.634111  66.079138    21.790    23.065 18 55119.42995188 23.138
  48  87.637176  66.077057     3.735     3.761 17 55129.34559404 49.131
  49  87.647147  66.075440     7.282     4.505 14 55139.26123479 36.315
  50  87.639389  66.075549    19.701    23.614 16 55149.17687271 26.056
  51  87.633733  66.077630    32.481    32.199 17 55159.09251049 21.789
  52  87.632560  66.079639    29.002    31.037 18 55169.00814835 19.853
  53  87.629027  66.080017    23.349    24.790 19 55178.92378499 18.896
  54  87.630152  66.079184    21.068    22.335 18 55188.83943094 18.207
  55  87.635108  66.079097    22.517    23.428 18 55198.75508201 17.755
  56  87.631699  66.079894    22.758    24.109 19 55208.67073146 17.442
  57  87.628856  66.081215    27.957    29.433 19 55218.58638046 16.217
  58  87.627931  66.081378    28.674    29.817 20 55228.50202883 15.598
  59  87.630457  66.080076    30.468    30.450 19 55238.41767445 15.645
  60  87.632496  66.077674    30.545    30.669 17 55248.33331644 15.380
  61  87.641767  66.076269    31.224    31.342 16 55258.24895670 15.073
  62  87.637032  66.076291    27.156    28.635 16 55268.16459492 15.207
  63  87.632226  66.077750    29.372    29.830 17 55278.08023280 15.349
  64  87.633347  66.078844    25.641    25.861 18 55287.99586996 16.645
  65  87.634760  66.078474    26.970    29.142 18 55297.91150474 16.639
  66  87.637095  66.076742    12.863    14.477 16 55307.82714719 16.043
  67  87.648414  66.075789    21.920    21.083 14 55317.74279456 13.553
  68  87.639352  66.075928     5.504     5.496 15 55327.65843899 26.749
  69  87.637765  66.077846    10.481    10.520 17 55337.57408338 31.434
  70  87.629091  66.079485    17.222    17.210 18 55347.48972666 54.581
  71  87.628266  66.080149    18.033    16.555 19 55357.40536901 28.739
  72  87.629242  66.079898    30.531    30.083 18 55367.32100947 20.509
  73  87.630192  66.079495    24.454    23.660 18 55377.23664846 19.323
  74  87.631199  66.079766     6.381     6.362 19 55387.15228661 52.280
  75  87.629254  66.080237    28.487    29.076 18 55397.06792358 18.128
  76  87.629069  66.080204    36.048    36.465 19 55406.98356635 17.766
  77  87.632546  66.079190    20.441    21.576 18 55416.89921779 20.728
  78  87.636418  66.077360    11.760    11.007 17 55426.81486584 25.651
  79  87.636241  66.076130    34.912    37.205 16 55436.73051084 22.273
  80  87.636981  66.076416    25.922    26.467 16 55446.64615465 20.494
  81  87.635707  66.077604    11.267    11.625 17 55456.56179780 26.569
  82  87.633565  66.078558    32.608    35.152 17 55466.47744018 18.815
  83  87.633880  66.078160    16.789    16.641 18 55476.39307962 24.498
  84  87.637708  66.076850    15.123    16.610 16 55486.30871618 28.303
  85  87.641885  66.075787    11.210    12.158 16 55496.22435061 44.222
  86  87.637483  66.076261     3.353     3.297 16 55506.13998548 30.547
  87  87.636903  66.078011     4.652     4.617 17 55516.05563597 49.223
  88  87.628961  66.079464     4.564     4.551 18 55525.97128487 36.882
  89  87.629281  66.080121     4.076     4.103 19 55535.88693250 31.156
  90  87.631084  66.080023     5.252     4.573 19 55545.80257813 25.223
  91  87.629777  66.079964     7.778     8.360 19 55555.71822165 24.917
  92  87.627456  66.080294     8.096     8.476 19 55565.63386418 24.063
  93  87.626831  66.080295    10.210    10.422 19 55575.54950625 22.694
  94  87.632627  66.079433     9.430     9.154 18 55585.46514719 22.822
  95  87.633564  66.077820    12.343    12.931 17 55595.38078437 21.929
  96  87.638379  66.076697    14.503    15.530 17 55605.29641871 21.482
  97  87.638228  66.076395    14.928    15.550 17 55615.21205051 21.164
  98  87.638089  66.077090    16.669    15.445 17 55625.12769080 19.176
  99  87.635017  66.077671    13.594    13.741 17 55635.04334283 19.488
 100  87.638037  66.077825     9.306     8.998 17 55644.95899324 20.796
 101  87.638461  66.077274    11.082    13.187 17 55654.87464061 20.342
 102  87.635808  66.076517    12.456    12.705 16 55664.79028316 21.050
 103  87.638429  66.076590     4.762     4.735 17 55674.70592325 44.470
 104  87.634749  66.077349    12.671    12.659 17 55684.62156116 54.511
 105  87.634462  66.078570    17.105    17.064 17 55694.53719819 56.250
 106  87.631249  66.079373    23.346    23.580 18 55704.45283359 27.031
 107  87.630488  66.079634    20.409    20.511 18 55714.36848007 22.443
 108  87.630842  66.079775     7.380     7.385 19 55724.28412916 50.122
 109  87.630055  66.080149    29.597    30.356 18 55734.19977621 17.372
 110  87.627785  66.080521    15.869    16.370 19 55744.11542186 21.237
 111  87.631182  66.080337    27.625    28.405 19 55754.03106650 16.832
 112  87.633052  66.078901    12.504    15.318 17 55763.94670869 24.257
 113  87.634596  66.077083     6.768     5.428 17 55773.86234805 38.340
 114  87.637194  66.075975    17.083    16.817 16 55783.77798415 23.587
 115  87.636867  66.076547     5.540     5.558 16 55793.69361760 51.374
 116  87.637628  66.077835     5.981     5.998 17 55803.60925378 45.381
 117  87.632810  66.078358     5.955     5.980 17 55813.52490307 46.264
 118  87.632262  66.077624     4.964     4.971 17 55823.44055079 38.928
 119  87.637793  66.076536    21.473    17.297 17 55833.35619433 23.631
 120  87.639235  66.075985    23.377    22.864 16 55843.27183332 20.860
 121  87.637157  66.076705    24.869    25.227 17 55853.18746896 19.847
 122  87.634809  66.078371     5.288     4.105 18 55863.10310481 41.097
 123  87.628945  66.079550     4.418     4.418 18 55873.01875835 41.365
 133  87.636211  66.076676    10.675     9.845 16 55972.17519633 27.214
 134  87.633911  66.078477     3.652     3.651 18 55982.09083222 30.703
 135  87.630287  66.078781     4.856     3.660 18 55992.00646643 29.632
 136  87.633967  66.077817    11.555    10.738 17 56001.92211399 26.632
 137  87.640375  66.076267    13.089    14.961 16 56011.83776445 25.504
 138  87.640428  66.075890    17.799    21.702 16 56021.75341071 12.890
 139  87.635504  66.077172     6.376     3.759 17 56031.66905369 16.230
 141  87.628725  66.080561     4.517     4.496 18 56051.50033348 49.025
 142  87.629345  66.080456    14.672    15.217 18 56061.41596976 26.703
 143  87.632381  66.079395    16.400    16.233 18 56071.33160850 30.867
 144  87.629961  66.078976    24.214    25.533 18 56081.24725887 25.637
 145  87.631094  66.079714    10.546    10.531 18 56091.16290695 55.935
 146  87.629386  66.080745    30.782    32.568 19 56101.07855239 19.037
 147  87.629933  66.080457     4.477     4.403 19 56110.99418380 35.403
 148  87.632774  66.078557    15.216    16.352 17 56120.90982364 21.972
 149  87.637605  66.076176     3.339     3.197 16 56130.82545995 55.645
 150  87.646946  66.075418    18.108    16.891 14 56140.74109492 24.906
 151  87.639818  66.076679    15.700    16.409 16 56150.65674528 23.501
 152  87.632075  66.078678     2.593     2.610 17 56160.57239373 39.670
 153  87.631427  66.079538     2.575     2.572 19 56170.48804119 42.894
 154  87.633209  66.078310    20.080    16.721 18 56180.40368489 21.139
 155  87.637599  66.076547    19.180    17.160 16 56190.31932483 21.404
 156  87.638865  66.075912    14.251    15.264 15 56200.23496159 26.017
 157  87.633710  66.077328    16.718    16.710 17 56210.15059536 23.039
 158  87.631559  66.079641     2.202     2.253 18 56220.06622757 40.802
 159  87.626716  66.081148     2.751     2.741 19 56229.98187671 38.890
 160  87.627473  66.080846    31.010    34.747 19 56239.89753006 27.267
 161  87.631840  66.079924    33.903    34.613 18 56249.81317980 25.006
 162  87.629201  66.078968    34.084    34.098 18 56259.72882409 23.320
 163  87.631919  66.079490    34.748    34.784 19 56269.64446625 19.568
 164  87.629203  66.080021    34.958    34.841 18 56279.56010618 19.055
 165  87.629828  66.080182    34.826    34.782 18 56289.47575709 18.865
 166  87.634723  66.078703    30.006    30.260 18 56299.39140588 18.867
 167  87.639791  66.076689    25.582    27.669 16 56309.30705069 19.558
 168  87.640288  66.075669    28.376    28.297 15 56319.22269269 16.807
 169  87.636720  66.076798    29.834    29.733 17 56329.13833338 16.599
 170  87.632279  66.078638    31.276    31.312 18 56339.05397315 16.604
 171  87.629486  66.079500    30.993    32.158 18 56348.96961098 17.292
 172  87.634851  66.078534    33.222    33.180 18 56358.88524682 15.647
 173  87.638018  66.076945    31.846    32.003 16 56368.80089770 15.795
 175  87.634618  66.078149    29.955    30.203 17 56388.63219058 15.496
 176  87.631885  66.080461    30.361    31.443 19 56398.54783376 15.813
 177  87.625893  66.081617     8.844     5.814 20 56408.46347417 14.598
 178  87.628427  66.081223     4.973     4.349 20 56418.37911108 29.587
 179  87.630822  66.079853    17.362    17.338 18 56428.29474392 46.990
 180  87.631878  66.079202    18.473    18.468 19 56438.21039788 52.741
 181  87.628982  66.079332    13.223    13.222 18 56448.12604890 57.151
 182  87.631448  66.080012    22.768    23.908 18 56458.04169821 18.119
 183  87.632910  66.079674    14.172    16.140 18 56467.95734413 22.127
 184  87.632970  66.078423    12.609    15.627 18 56477.87298586 23.139
 185  87.636049  66.076855     4.443     4.501 16 56487.78862405 35.023
 187  87.635218  66.076997     3.661     3.146 17 56507.61989352 39.317
 188  87.635189  66.078403    13.312    14.774 17 56517.53553084 23.565
 189  87.632496  66.079032    17.089    16.165 17 56527.45118491 22.048
 190  87.632308  66.078633    20.604    21.697 18 56537.36683494 20.349
 192  87.632416  66.077607    22.486    23.503 17 56557.19812458 19.039
 193  87.633207  66.078813    16.232    16.373 17 56567.11376723 27.035
 194  87.626551  66.080443     3.383     3.263 19 56577.02940786 38.003
 195  87.627026  66.081401     3.153     3.155 19 56586.94504567 52.877
 196  87.627929  66.081057     4.221     4.186 20 56596.86068576 46.553
 197  87.627678  66.080065     4.756     4.745 19 56606.77633759 23.670
 198  87.631698  66.079534     4.634     4.641 19 56616.69198493 21.822
 199  87.631897  66.079427    10.786     9.917 19 56626.60762848 22.871
 200  87.633708  66.079461     4.269     3.958 18 56636.52326942 22.177
 201  87.632693  66.078877     4.424     3.780 17 56646.43890989 22.884
 202  87.632368  66.077939     6.055     3.326 17 56656.35456211 23.486
 203  87.636032  66.077032    15.977    16.052 16 56666.27021035 20.473
 205  87.634410  66.077886    18.727    15.215 17 56686.10149967 17.093
 206  87.634477  66.078806    11.316    10.483 18 56696.01714188 17.069
 207  87.630278  66.078789    12.568    13.101 18 56705.93277913 17.354
 208  87.633340  66.078229    11.229    12.040 17 56715.84841197 18.385
 209  87.632941  66.078004    34.475    34.794 17 56725.76406540 11.443
 211  87.629746  66.080214     7.294     7.360 19 56745.59536079 19.269
 212  87.626544  66.081169     9.224     5.793 20 56755.51100239 14.828
 213  87.628731  66.081180     3.600     3.681 19 56765.42663882 20.777
 214  87.627066  66.080279     4.805     4.825 19 56775.34227753 23.305
 215  87.628952  66.079986     7.451     7.531 19 56785.25793445 41.386
 216  87.629929  66.080130    17.909    17.898 19 56795.17358765 30.412
 217  87.629363  66.080236    16.143    15.913 18 56805.08923675 27.768
 219  87.633464  66.078360    13.613    13.623 18 56824.92051810 32.226
 220  87.635820  66.077260    45.788    47.071 16 56834.83615326 23.637
 221  87.636560  66.077108    13.493    12.845 17 56844.75178493 24.464
 222  87.636484  66.077937     4.505     4.351 17 56854.66743002 31.739
 223  87.634678  66.078832    12.168    12.426 18 56864.58308355 24.814
 224  87.634846  66.079054    28.135    28.764 18 56874.49873653 18.315
 225  87.632651  66.078685    14.802    16.123 18 56884.41438613 23.179
 226  87.634985  66.078392    25.614    26.081 17 56894.33003301 22.089
 227  87.633459  66.078722    30.666    31.238 18 56904.24567635 19.659
 228  87.631398  66.079958    35.678    36.780 19 56914.16131759 17.201
 229  87.628082  66.081163    23.305    16.952 19 56924.07695697 20.462
 230  87.625788  66.081580     4.638     4.629 20 56933.99259379 48.958
 231  87.625394  66.080826     5.700     4.045 19 56943.90822547 32.318
 232  87.630176  66.079798     3.694     3.669 18 56953.82387333 49.373
 233  87.631491  66.079273     4.501     4.484 18 56963.73952359 39.136
 234  87.631921  66.079753    11.161    14.762 19 56973.65516904 25.447
 235  87.627283  66.080187     4.376     4.392 19 56983.57080970 27.404
 236  87.630442  66.079689     3.930     3.919 19 56993.48644624 22.941
 237  87.634241  66.077934     3.699     3.718 18 57003.40208358 22.766
 238  87.640323  66.076647    15.860    15.904 16 57013.31774061 22.865
 239  87.638208  66.076567     6.897     7.619 16 57023.23339160 22.820
 240  87.635653  66.078250    33.888    33.801 17 57033.14903997 16.116
 241  87.629079  66.079605     9.867     9.399 18 57043.06468569 20.255
 242  87.630295  66.079797    22.576    22.917 19 57052.98032975 18.564
 243  87.631411  66.078533    20.091    15.870 18 57062.89596931 17.949
 244  87.636191  66.077740    17.738    15.987 17 57072.81160403 17.305
 245  87.635253  66.078312     6.275     3.891 18 57082.72723437 21.969
 246  87.628902  66.080247     5.421     4.774 18 57092.64288113 20.899
 247  87.622877  66.082039    16.339    14.285 20 57102.55853773 17.205
 248  87.622426  66.082197    10.256     5.671 20 57112.47419119 22.614
 249  87.628537  66.080797    24.995    26.641 19 57122.38983928 14.302
 250  87.633351  66.079200     6.018     5.725 18 57132.30548172 16.655
