# NaN NaN NaN ;Mean Elev.(m), Avg Gradient(m/km), RMS Gradient(m/km) - SRTM1     
#   28.011  -4.499  10.529 ;Mean Elev.(m), Avg Gradient(m/km), RMS Gradient(m/km) - ASTER GDEM
#   51.586  -3.930   9.568 ;Mean Elev.(m), Avg Gradient(m/km), RMS Gradient(m/km) - GMTED2010 
   1  90.575835  60.050224    61.094    61.261  5 54662.21362519 16.534
   2  90.577567  60.052343    47.997    48.031  5 54672.12927080 38.434
   4  90.572855  60.052494    47.901    47.869  5 54691.96055641 44.562
   6  90.578736  60.050841    47.817    47.733  5 54711.79184433 49.492
   8  90.576351  60.049735    48.008    47.962  5 54731.62314348 44.982
   9  90.574743  60.050958    47.622    47.638  5 54741.53879047 37.239
  10  90.577319  60.053006    58.369    58.660  5 54751.45443791 26.791
  11  90.574543  60.051821    59.996    60.473  5 54761.37008427 20.610
  12  90.574764  60.050340    56.032    57.736  5 54771.28572845 27.153
  13  90.576101  60.049338    47.201    47.161  5 54781.20136963 43.101
  14  90.576822  60.048754    47.039    47.053  5 54791.11700816 49.153
  17  90.578174  60.050391    60.473    60.474  5 54820.86392327 13.869
  18  90.577573  60.050800    60.294    60.336  5 54830.77957537 13.954
  19  90.576228  60.051644    61.070    61.002  5 54840.69521401 12.929
  20  90.573964  60.053278    61.361    61.249  5 54850.61086299 13.601
  21  90.571306  60.054818    60.936    60.683  5 54860.52651157 13.778
  22  90.573061  60.056677    61.811    61.541  5 54870.44216073 13.240
  23  90.572366  60.054849    61.661    61.432  5 54880.35780789 11.596
  24  90.576209  60.052980    61.304    61.336  5 54890.27345223 10.844
  25  90.578082  60.051382    60.409    59.588  5 54900.18909333 13.699
  26  90.577653  60.051745    60.557    60.559  5 54910.10473229 12.979
  27  90.575044  60.052451    61.165    61.522  5 54920.02036979  9.029
  28  90.573321  60.051964    52.499    52.544  5 54929.93600677 20.278
  29  90.576156  60.050409    56.078    57.101  5 54939.85164295 18.897
  30  90.579611  60.048051    57.902    58.300  6 54949.76727745 24.882
  31  90.581724  60.046928    51.768    51.751  5 54959.68291601 51.910
  32  90.578084  60.047315    60.958    60.976  5 54969.59856428 28.890
  33  90.577538  60.049707    50.973    50.968  5 54979.51421202 39.389
  35  90.575080  60.051133    60.374    60.160  5 54999.34550673 22.334
  36  90.576017  60.051583    48.836    48.895  5 55009.26115246 32.932
  37  90.575856  60.051741    49.081    49.125  5 55019.17679627 47.686
  38  90.574497  60.052726    48.317    48.292  5 55029.09243869 42.070
  39  90.574767  60.054440    48.367    48.358  5 55039.00808073 47.477
  40  90.574432  60.054220    48.386    48.398  5 55048.92372116 47.650
  41  90.575435  60.051770    48.413    48.399  5 55058.83935935 44.863
  42  90.577691  60.048880    48.343    48.305  5 55068.75499822 30.349
  43  90.579489  60.048254    48.594    48.543  5 55078.67064810 40.823
  44  90.578336  60.049346    48.551    48.488  6 55088.58629584 48.597
  45  90.576364  60.051620    48.212    48.278  5 55098.50194230 42.929
  46  90.576768  60.053729    48.471    48.458  5 55108.41758849 48.309
  47  90.576212  60.052492    48.021    48.048  5 55118.33323317 36.381
  48  90.575813  60.049389    48.043    47.954  5 55128.24887524 31.086
  49  90.578447  60.048233    47.738    47.741  5 55138.16451565 50.395
  50  90.579841  60.049128    47.652    47.647  5 55148.08015455 48.015
  51  90.577544  60.050318    47.961    47.952  6 55157.99579248 45.964
  52  90.574873  60.050709    60.996    61.264  5 55167.91143005 15.437
  53  90.576133  60.050793    61.380    61.155  5 55177.82706729 12.759
  54  90.575838  60.049705    61.208    61.329  5 55187.74271140 11.400
  55  90.575523  60.050540    60.731    60.468  5 55197.65836226 10.923
  56  90.573204  60.052057    60.647    60.422  5 55207.57401205 11.192
  57  90.572390  60.054206    60.277    60.258  5 55217.48966156 10.319
  58  90.573290  60.055260    62.074    62.132  5 55227.40531043 11.669
  59  90.573802  60.053585    61.615    62.022  5 55237.32095612 12.090
  60  90.575463  60.050837    61.432    61.335  5 55247.23659827 12.315
  61  90.576500  60.049176    61.312    61.241  5 55257.15223792 10.878
  62  90.577692  60.050220    61.589    61.558  5 55267.06787690 10.428
  63  90.574761  60.051138    61.386    61.207  5 55276.98351484 11.047
  64  90.576085  60.051996    61.745    61.750  5 55286.89915202 11.060
  65  90.576077  60.049588    61.834    61.843  5 55296.81478639 11.493
  66  90.580126  60.048142    60.803    60.691  5 55306.73042729 12.816
  67  90.579323  60.047048    56.229    57.084  5 55316.64607370 35.676
  68  90.579677  60.048704    53.988    54.042  5 55326.56171940 52.587
  69  90.576585  60.050297    60.460    60.788  5 55336.47736382 25.889
  70  90.573869  60.051370    50.721    50.732  5 55346.39300776 42.417
  71  90.576722  60.052813    50.969    50.990  5 55356.30865095 47.779
  72  90.576370  60.052140    59.342    59.185  5 55366.22429152 19.042
  73  90.575052  60.050976    49.856    49.964  5 55376.13993041 47.484
  74  90.577123  60.051769    49.350    49.347  5 55386.05556883 47.858
  75  90.575878  60.051404    61.716    61.693  5 55395.97120586 17.090
  76  90.575105  60.050605    48.370    48.338  5 55405.88684651 24.810
  77  90.576900  60.050730    59.545    59.551  5 55415.80249791 15.997
  78  90.576325  60.048835    61.206    61.290  5 55425.71814559 17.513
  79  90.579395  60.048906    48.453    48.427  5 55435.63379127 46.514
  80  90.579108  60.049681    49.474    48.061  5 55445.54943549 26.388
  81  90.575137  60.050203    60.408    60.670  5 55455.46507860 20.374
  82  90.576096  60.051888    60.043    60.180  5 55465.38072160 23.035
  83  90.578808  60.051637    58.890    58.814  5 55475.29636160 24.238
  84  90.579112  60.048819    48.401    48.439  5 55485.21199794 47.783
  85  90.582505  60.047786    50.523    48.761  5 55495.12763262 28.984
  86  90.580635  60.047190    47.816    47.798  5 55505.04326591 50.790
  87  90.576887  60.049167    47.119    47.204  5 55514.95891625 38.036
  88  90.577136  60.051952    46.969    46.958  5 55524.87456616 45.896
  89  90.576278  60.052775    57.541    57.583  5 55534.79021381 18.293
  90  90.573808  60.051847    59.271    59.150  5 55544.70585914 17.262
  91  90.575527  60.052756    59.047    59.101  5 55554.62150326 15.409
  92  90.573303  60.052698    59.913    60.157  5 55564.53714599 13.987
  93  90.573945  60.052877    59.748    59.793  5 55574.45278846 13.002
  94  90.574615  60.051564    59.661    59.699  5 55584.36842924 13.731
  95  90.578176  60.050282    59.925    60.105  5 55594.28406687 12.413
  96  90.578129  60.047769    60.571    60.348  5 55604.19970066 12.491
  97  90.580025  60.047114    60.653    60.505  5 55614.11533269 13.045
  98  90.579051  60.047088    60.483    60.426  5 55624.03097063 13.118
  99  90.578304  60.048970    61.170    60.696  5 55633.94662330 12.789
 100  90.579389  60.050275    60.714    60.717  5 55643.86227379 13.468
 101  90.578485  60.049675    61.423    61.446  5 55653.77792102 11.072
 102  90.577742  60.048381    53.535    53.125  5 55663.69356376 17.631
 103  90.578701  60.048633    54.082    54.066  5 55673.60920397 40.448
 104  90.579863  60.049900    51.068    51.079  5 55683.52484291 42.089
 105  90.577012  60.049770    58.684    58.556  5 55693.44048000 26.011
 106  90.577279  60.050077    49.057    48.969  5 55703.35611596 51.069
 107  90.578703  60.051054    48.548    48.593  5 55713.27176094 35.683
 108  90.576179  60.051187    48.331    48.327  5 55723.18741005 50.075
 109  90.575658  60.052193    44.073    44.143  4 55733.10305742 26.762
 110  90.576716  60.053386    48.231    48.223  5 55743.01870362 42.866
 111  90.574383  60.052248    48.384    48.291  5 55752.93434782 46.582
 112  90.578568  60.051885    59.097    59.339  5 55762.84999042 14.947
 113  90.577375  60.049061    48.416    48.479  5 55772.76562941 50.231
 114  90.581498  60.048806    47.866    47.875  5 55782.68126578 31.035
 115  90.578804  60.047460    48.834    48.871  5 55792.59689891 49.415
 116  90.578110  60.047404    57.012    58.341  5 55802.51253318 24.142
 117  90.578786  60.049188    48.487    48.565  5 55812.42818361 50.384
 118  90.578676  60.049085    48.186    48.210  6 55822.34383205 47.880
 119  90.580617  60.048623    49.317    47.800  5 55832.25947583 30.547
 120  90.582191  60.048166    53.518    55.224  5 55842.17511508 27.252
 121  90.580302  60.047635    57.136    57.724  5 55852.09075085 24.239
 122  90.577423  60.047716    60.280    60.367  5 55862.00638437 20.441
 123  90.575913  60.050182    59.657    60.044  5 55871.92203903 21.851
 133  90.577832  60.049384    58.766    59.022  5 55971.07847823 14.338
 134  90.578482  60.050682    56.331    56.011  5 55980.99411447 14.858
 135  90.579140  60.049730    56.949    57.593  5 55990.90974922 14.963
 136  90.579945  60.048745    58.742    58.855  5 56000.82539433 14.830
 137  90.580759  60.048291    60.629    60.892  5 56010.74104459 13.934
 138  90.581143  60.049038    60.619    60.840  5 56020.65669112 10.313
 139  90.577263  60.049709    51.370    51.322  5 56030.57233438 25.848
 141  90.573717  60.051526    55.910    53.822  5 56050.40361539 34.065
 142  90.575402  60.051183    50.549    50.526  5 56060.31925232 48.636
 143  90.577911  60.049966    48.691    48.666  6 56070.23488897 47.928
 144  90.577682  60.050845    48.858    48.858  5 56080.15053996 49.596
 145  90.576058  60.052059    48.448    48.432  5 56090.06618810 48.211
 146  90.574710  60.053082    47.900    47.907  4 56099.98183373 46.456
 147  90.577061  60.053305    43.785    41.729  5 56109.89746549 23.712
 148  90.576394  60.049941    47.555    47.467  5 56119.81310503 50.413
 149  90.578528  60.046957    49.592    48.101  5 56129.72874122 26.676
 150  90.582098  60.046464    47.929    47.797  5 56139.64437479 42.439
 151  90.578081  60.048035    47.945    47.882  5 56149.56002459 35.741
 152  90.575437  60.050242    57.753    57.962  5 56159.47567384 15.591
 153  90.576081  60.051395    47.580    47.518  5 56169.39132192 32.847
 154  90.578994  60.050654    60.319    60.239  5 56179.30696657 16.517
 155  90.579395  60.048454    49.861    50.247  6 56189.22260654 26.807
 156  90.579914  60.047920    53.098    54.423  6 56199.13824352 24.186
 157  90.578801  60.048869    53.493    54.957  6 56209.05387776 22.990
 158  90.576439  60.049676    50.193    50.691  5 56218.96951006 27.382
 159  90.576707  60.051680    46.778    46.740  5 56228.88515719 49.101
 160  90.575932  60.051640    46.468    46.442  5 56238.80081083 49.096
 161  90.575491  60.051018    46.805    46.720  5 56248.71646059 49.612
 162  90.576931  60.051189    47.712    47.710  5 56258.63210578 47.730
 163  90.576037  60.051783    49.743    49.721  4 56268.54774789 23.049
 164  90.577378  60.052967    50.479    50.441  5 56278.46338862 20.358
 165  90.575107  60.052577    51.616    51.749  5 56288.37903792 18.198
 166  90.577560  60.051596    52.235    52.178  5 56298.29468698 15.768
 167  90.578010  60.049341    56.652    56.297  5 56308.21033174 13.528
 168  90.577759  60.048367    59.993    59.905  5 56318.12597392 12.523
 169  90.577353  60.050020    60.406    59.789  5 56328.04161508 12.758
 170  90.575633  60.051178    60.434    60.180  5 56337.95725501 12.203
 171  90.575859  60.050997    61.328    61.054  5 56347.87289308 13.075
 172  90.577062  60.048639    60.353    60.223  5 56357.78852821 14.005
 173  90.580045  60.048753    61.838    61.483  5 56367.70417778 12.474
 176  90.573311  60.052835    58.204    57.731  5 56397.45111502 12.874
 177  90.574454  60.054154    50.297    50.366  5 56407.36675653 46.629
 178  90.575170  60.052809    56.590    56.595  5 56417.28239379 53.352
 179  90.579085  60.051081    51.816    51.854  5 56427.19802655 48.193
 180  90.579121  60.051545    50.010    50.104  5 56437.11367874 44.224
 181  90.577202  60.052561    49.430    49.380  5 56447.02933017 49.769
 182  90.573644  60.052844    49.382    49.220  5 56456.94497905 50.196
 183  90.572996  60.052448    50.157    49.048  5 56466.86062490 23.672
 184  90.575087  60.051089    48.635    48.521  5 56476.77626688 45.165
 185  90.578635  60.049370    48.343    48.335  5 56486.69190534 32.322
 187  90.580740  60.048912    47.982    48.015  5 56506.52317567 43.986
 188  90.579998  60.049419    48.451    48.405  5 56516.43881050 49.375
 189  90.576991  60.050073    58.256    58.987  5 56526.35446500 15.520
 190  90.576258  60.049578    50.112    48.550  5 56536.27011541 23.045
 192  90.577794  60.050096    47.767    47.831  5 56556.10140625 33.346
 193  90.575822  60.051221    60.213    60.294  5 56566.01704889 18.852
 194  90.574409  60.052655    59.717    59.396  5 56575.93269023 22.724
 195  90.573976  60.052583    50.862    50.902  5 56585.84832823 25.707
 196  90.575480  60.051466    47.771    47.723  5 56595.76396598 38.773
 197  90.574757  60.051112    47.486    47.456  5 56605.67961825 49.862
 198  90.577493  60.052093    61.066    61.114  5 56615.59526624 17.500
 199  90.577992  60.052464    47.165    47.213  5 56625.51091038 43.410
 200  90.576464  60.051787    47.114    47.027  5 56635.42655148 50.761
 201  90.578786  60.051430    47.049    46.981  5 56645.34219045 46.683
 202  90.577003  60.050525    48.024    47.934  5 56655.25784289 47.932
 203  90.578024  60.050043    50.336    50.331  5 56665.17349130 31.553
 205  90.578390  60.051248    60.555    60.513  5 56685.00478153 14.573
 206  90.575523  60.051116    60.852    60.867  5 56694.92042362 14.047
 207  90.578527  60.051628    60.649    60.590  5 56704.83606186 11.655
 208  90.577134  60.048912    61.293    61.218  5 56714.75169385 11.674
 210  90.576214  60.051315    61.226    61.368  5 56734.58299553 12.475
 211  90.573503  60.052779    62.050    62.182  5 56744.49864221  9.797
 212  90.575330  60.054531    54.120    54.067  5 56754.41428510 24.888
 213  90.574981  60.053237    55.201    55.161  5 56764.32992188 26.905
 214  90.576833  60.051865    59.058    58.801  5 56774.24555785 29.701
 215  90.574853  60.052268    61.414    61.445  5 56784.16121485 26.372
 216  90.575692  60.054002    59.616    59.714  5 56794.07686857 26.554
 217  90.573381  60.054165    49.094    49.112  5 56803.99251842 36.939
 218  90.574474  60.053598    48.907    48.882  5 56813.90816103 43.022
 219  90.573994  60.051308    49.241    49.181  5 56823.82379979 51.193
 221  90.580110  60.049289    48.066    48.050  5 56843.65506684 33.275
 222  90.580011  60.049764    47.934    47.884  5 56853.57070936 48.039
 223  90.575807  60.050208    48.401    48.323  5 56863.48636307 49.234
 224  90.577930  60.052355    49.118    49.041  5 56873.40201703 49.052
 225  90.574232  60.051323    62.002    61.986  5 56883.31766687 15.593
 226  90.575753  60.051969    48.329    48.335  5 56893.23331400 29.745
 227  90.575924  60.052708    48.452    48.457  5 56903.14895779 46.946
 228  90.574320  60.053859    48.042    47.967  5 56913.06459943 44.550
 229  90.573337  60.054451    47.974    47.950  4 56922.98023933 50.021
 230  90.572098  60.053418    48.058    48.048  5 56932.89587658 49.852
 231  90.575443  60.052163    47.950    47.942  5 56942.81150894 48.001
 232  90.575749  60.050926    47.360    47.244  5 56952.72715348 45.080
 233  90.574499  60.050997    46.449    46.385  5 56962.64280402 50.537
 234  90.573577  60.051753    46.842    46.786  5 56972.55844989 44.904
 235  90.576437  60.053054    46.685    46.605  5 56982.47409203 46.565
 236  90.576437  60.051260    52.017    52.810  5 56992.38972896 19.814
 237  90.580208  60.049217    49.776    49.732  5 57002.30536341 23.124
 238  90.579166  60.048950    60.661    60.575  5 57012.22102053 15.126
 239  90.579149  60.049879    60.924    60.634  5 57022.13667214 15.040
 240  90.575197  60.050583    59.976    60.029  5 57032.05232050 16.714
 241  90.575726  60.052270    61.343    61.488  5 57041.96796725 13.646
 242  90.575157  60.052023    61.305    61.409  5 57051.88361150 11.922
 243  90.575930  60.050439    61.686    61.401  5 57061.79925142 12.611
 244  90.576430  60.048879    61.761    61.684  5 57071.71488593 13.825
 245  90.577944  60.049087    61.072    61.066  5 57081.63051667 11.838
 246  90.574667  60.050472    61.670    61.305  5 57091.54616057 12.902
 247  90.572539  60.053437    56.510    56.738  5 57101.46181829 18.069
 248  90.573050  60.054557    61.115    61.121  4 57111.37747268 13.151
 249  90.574403  60.053239    59.727    60.324  4 57121.29312106  6.915
 250  90.577850  60.052492    57.552    57.524  5 57131.20876398 14.741
