# NaN NaN NaN ;Mean Elev.(m), Avg Gradient(m/km), RMS Gradient(m/km) - SRTM1     
#  -18.819  -2.122   7.732 ;Mean Elev.(m), Avg Gradient(m/km), RMS Gradient(m/km) - ASTER GDEM
#    5.097  -1.645   6.344 ;Mean Elev.(m), Avg Gradient(m/km), RMS Gradient(m/km) - GMTED2010 
   2  87.946937  65.281449     8.601     8.546  6 54672.29094658 47.881
   3  87.945327  65.282584   -18.969   -19.072  5 54682.20659003  7.812
   4  87.948189  65.283096    23.486    23.608  6 54692.12223272 28.813
   5  87.948207  65.283088   -16.067   -16.063  6 54702.03787279  8.528
   6  87.945150  65.281795    22.944    23.111  6 54711.95352056 27.133
   7  87.945262  65.279870    -4.538    -4.536  6 54721.86917174 25.264
   8  87.942048  65.278826    22.945    23.340  6 54731.78481999 26.035
   9  87.942397  65.278832    11.204     7.049  7 54741.70046686 36.034
  10  87.943305  65.279175    11.013    12.591  7 54751.61611363 36.448
  11  87.942221  65.279357    19.195    18.646  6 54761.53176001 28.066
  12  87.942692  65.278475     7.091     7.170  7 54771.44740418 47.316
  13  87.940722  65.277958     8.436     8.280  6 54781.36304502 44.406
  14  87.941928  65.277683     7.809     7.791  7 54791.27868359 37.778
  17  87.946179  65.280740    16.220    15.905  6 54821.02559913 15.663
  18  87.942114  65.280937    18.214    18.266  6 54830.94125099 14.658
  19  87.945579  65.280411    17.769    18.931  6 54840.85689008 15.226
  20  87.946798  65.280832    19.271    18.601  6 54850.77253914 14.525
  21  87.944504  65.282227    19.946    20.758  6 54860.68818739 14.480
  22  87.943239  65.282994    18.036    18.126  6 54870.60383584 14.319
  23  87.944525  65.281816    20.930    21.559  6 54880.51948327 14.061
  24  87.942723  65.279775    20.627    20.521  6 54890.43512726 13.111
  25  87.942463  65.277704    21.878    22.790  7 54900.35076837 13.483
  26  87.942951  65.277576    21.266    23.257  6 54910.26640743 13.175
  27  87.941434  65.279201    23.690    23.729  6 54920.18204502 13.275
  28  87.946300  65.279896    22.830    23.357  6 54930.09768282 11.991
  29  87.945805  65.279606    23.972    24.100  6 54940.01331910  8.484
  30  87.940695  65.278918     9.824     9.765  6 54949.92895334 26.086
  31  87.942182  65.277744    12.476    12.512  7 54959.84459248 26.003
  32  87.941894  65.278209    15.779    15.767  6 54969.76024103 29.910
  33  87.944691  65.279366    23.399    23.401  6 54979.67588861 35.527
  34  87.942012  65.280860   120.327   120.383  6 54989.59153548 11.795
  35  87.942062  65.280840    18.633    17.124  6 54999.50718268 30.685
  36  87.945125  65.280233    21.843    22.419  6 55009.42282840 22.400
  37  87.945466  65.280182    10.296    10.315  6 55019.33847215 48.068
  38  87.944004  65.281396     8.321     8.286  6 55029.25411438 45.708
  39  87.942570  65.282888     9.532     7.716  6 55039.16975604 53.231
  40  87.945100  65.283414    21.332    22.190  6 55049.08539685 26.767
  41  87.942779  65.282664    21.579    22.199  6 55059.00103522 27.530
  42  87.945160  65.279977    15.767    18.397  6 55068.91667495 23.694
  43  87.941670  65.277916    21.539    21.604  7 55078.83232456 24.234
  44  87.943366  65.277296    13.430    10.730  6 55088.74797238 26.895
  45  87.940946  65.278934    21.565    21.804  6 55098.66361825 26.422
  46  87.942752  65.280224    22.652    22.902  6 55108.57926401 22.788
  47  87.944532  65.279711    22.488    22.735  6 55118.49490880 24.584
  48  87.941838  65.278042     6.979     6.936  6 55128.41055089 36.613
  49  87.943100  65.276177     7.728     7.753  7 55138.32619125 46.400
  50  87.941563  65.276825     8.210     8.181  7 55148.24182969 37.751
  51  87.944096  65.279036     8.470     8.455  6 55158.15746792 27.261
  52  87.946378  65.281073    11.581    11.896  6 55168.07310593 23.428
  53  87.943620  65.282180    15.119    16.197  6 55177.98874286 20.250
  54  87.942829  65.281265    14.372    13.917  6 55187.90438748 19.877
  55  87.944105  65.280345    13.121    12.928  6 55197.82003846 19.310
  56  87.941602  65.281241    15.121    14.174  6 55207.73568795 18.453
  57  87.946055  65.282157    17.768    18.134  6 55217.65133749 14.795
  58  87.943611  65.282719    18.550    18.151  6 55227.56698572 13.768
  59  87.941222  65.281424    17.535    18.367  6 55237.48263123 14.141
  60  87.942673  65.278511    17.307    18.002  7 55247.39827370 14.330
  61  87.940573  65.276731    16.969    16.886  6 55257.31391331 14.217
  62  87.942588  65.276798    16.576    17.132  6 55267.22955231 13.105
  63  87.942494  65.278909    17.252    18.152  6 55277.14519049 13.338
  64  87.943711  65.280417    22.804    23.179  6 55287.06082769 12.812
  65  87.941314  65.280647    20.164    20.250  6 55296.97646235 12.954
  66  87.942640  65.278495    21.314    22.934  7 55306.89210371  7.883
  67  87.941320  65.276875    11.054    10.179  6 55316.80775037 16.821
  68  87.941667  65.277187    10.849    10.854  6 55326.72339580 30.480
  69  87.942966  65.279196    20.006    19.851  7 55336.63904020 36.647
  70  87.946136  65.280909    20.166    19.407  6 55346.55468431 41.589
  71  87.944532  65.281685    22.939    23.172  6 55356.47032667 31.017
  72  87.946338  65.281039    23.539    23.550  6 55366.38596743 29.950
  73  87.941020  65.281194    22.892    23.086  6 55376.30160602 24.761
  74  87.946559  65.281145    22.965    23.347  6 55386.21724471 22.341
  75  87.944526  65.282451    10.102     8.543  6 55396.13288174 38.279
  76  87.943832  65.283058    11.315    12.246  6 55406.04852289 32.993
  77  87.945837  65.281362    22.515    22.618  6 55415.96417452 23.370
  78  87.943196  65.279004    22.611    22.459  7 55425.87982246 27.184
  79  87.943444  65.276957    23.707    23.654  6 55435.79546794 25.413
  80  87.942636  65.276973    23.304    23.646  6 55445.71111184 23.106
  81  87.941864  65.278557    17.193    15.604  6 55455.62675488 30.985
  82  87.945559  65.279777    16.601    14.197  6 55465.54239762 30.680
  83  87.942225  65.280201    21.727    21.932  6 55475.45803682 28.016
  84  87.941801  65.278773    22.358    22.375  6 55485.37367329 27.559
  85  87.943187  65.277161    16.718    18.352  6 55495.28930785 29.839
  86  87.944127  65.277762     6.862     6.807  6 55505.20494171 41.176
  87  87.941567  65.279850     6.966     7.032  6 55515.12059191 41.128
  88  87.944182  65.281509     8.165     8.183  6 55525.03624173 35.664
  89  87.944304  65.282059     7.709     7.706  6 55534.95188945 29.508
  90  87.946211  65.281147     7.420     7.446  6 55544.86753541 27.202
  91  87.941782  65.281054     7.777     7.764  6 55554.78317884 24.910
  92  87.942210  65.281287     8.738     8.679  6 55564.69882169 24.323
  93  87.943111  65.281773    14.234    14.022  6 55574.61446396 19.818
  94  87.944192  65.281324    14.702    15.894  6 55584.53010475 17.564
  95  87.942800  65.280248    17.131    17.133  6 55594.44574197 16.426
  96  87.944787  65.278619    16.693    16.741  6 55604.36137624 16.540
  97  87.942586  65.278386    17.219    16.925  7 55614.27700799 16.077
  98  87.943468  65.278848    16.234    16.267  6 55624.19264654 14.536
  99  87.943077  65.279520    17.330    17.628  7 55634.10829912 14.279
 100  87.944985  65.279558    18.077    18.014  6 55644.02394972 14.017
 101  87.941012  65.279568    19.433    21.536  6 55653.93959694 12.704
 102  87.941404  65.278442    23.716    23.708  6 55663.85524014 12.108
 103  87.944296  65.277591    18.742    18.316  6 55673.77088056 35.694
 104  87.944319  65.278233    19.779    20.059  6 55683.68651906 38.849
 105  87.945918  65.279813    23.067    23.273  6 55693.60215632 30.544
 106  87.942725  65.282001    22.419    22.467  6 55703.51779164 32.082
 107  87.945051  65.282330    22.764    22.936  6 55713.43343670 25.955
 108  87.946596  65.281736    22.495    22.660  6 55723.34908609 21.260
 109  87.946494  65.281403    22.175    22.245  6 55733.26473336 23.137
 110  87.945886  65.281438     7.738     7.700  6 55743.18037933 53.348
 111  87.945933  65.281250     8.102     8.208  6 55753.09602401 37.147
 112  87.944243  65.280585    22.445    22.409  6 55763.01166628 23.493
 113  87.942795  65.279460    13.901    14.096  6 55772.92730578 31.082
 114  87.941523  65.278376    22.475    22.696  6 55782.84294182 22.995
 115  87.942562  65.278510    22.482    22.274  7 55792.75857541 29.101
 116  87.943571  65.279574    14.053    14.155  6 55802.67420987 29.233
 117  87.944134  65.280096    22.531    22.683  6 55812.58985977 23.974
 118  87.946088  65.279616    23.021    22.843  6 55822.50550815 22.334
 119  87.941428  65.279314    22.648    22.938  6 55832.42115113 24.738
 120  87.942629  65.278510    22.495    22.376  7 55842.33679026 27.521
 121  87.943137  65.278804    22.191    22.744  7 55852.25242623 24.105
 122  87.944264  65.280309    14.589    13.367  6 55862.16806041 32.594
 123  87.946983  65.280924     7.423     7.378  6 55872.08371516 44.450
 133  87.942208  65.278271    17.462    17.200  6 55971.24015352 16.117
 134  87.945820  65.279724    17.795    17.705  6 55981.15578995 16.198
 135  87.941272  65.281076    17.537    17.471  6 55991.07142444 16.401
 136  87.945169  65.279769    19.530    19.852  6 56000.98707054 16.644
 137  87.942952  65.278277    17.053    17.223  6 56010.90272082 16.459
 138  87.941530  65.277864    23.785    23.846  6 56020.81836721 11.294
 139  87.942129  65.278705    13.300    12.331  6 56030.73401072 12.475
 141  87.941768  65.282062     8.601     8.645  6 56050.56529127 23.046
 142  87.946086  65.282160    23.595    23.595  6 56060.48092826 36.329
 143  87.945957  65.281768    23.438    23.514  6 56070.39656503 34.113
 144  87.945168  65.281205    19.490    19.819  6 56080.31221582 40.996
 145  87.945925  65.281306    22.437    22.607  6 56090.22786405 24.090
 146  87.944321  65.282242    15.218    13.424  6 56100.14350958 26.960
 147  87.946965  65.281578    17.388    18.477  6 56110.05914151 23.302
 148  87.941107  65.280498     8.736     6.536  6 56119.97478117 44.484
 149  87.943797  65.278148     6.397     6.379  6 56129.89041800 53.910
 150  87.941212  65.277760     6.399     6.374  6 56139.80605109 48.918
 151  87.942606  65.278575    17.209    18.269  7 56149.72170137 29.616
 152  87.942715  65.280448    19.875    19.359  6 56159.63735029 26.960
 153  87.944646  65.280957    19.774    19.043  6 56169.55299806 23.544
 154  87.945389  65.279610    21.459    21.823  6 56179.46864235 22.913
 155  87.942426  65.278191     7.970     6.213  7 56189.38428212 44.324
 156  87.941802  65.277803    21.329    21.246  7 56199.29991894 26.576
 157  87.942155  65.279673     5.519     5.484  6 56209.21555311 50.641
 158  87.946992  65.281958     5.346     5.388  6 56219.13118592 51.014
 159  87.943362  65.283778     7.092     7.109  6 56229.04683284 38.527
 160  87.942992  65.283055    10.373     6.891  6 56238.96248663 35.150
 161  87.946365  65.281287    12.356    12.849  6 56248.87813693 33.050
 162  87.945713  65.280503    13.795    14.130  6 56258.79378190 30.380
 163  87.944919  65.281231    17.348    17.649  6 56268.70942380 20.859
 164  87.943298  65.282190    18.035    18.073  6 56278.62506387 19.628
 165  87.946432  65.281583    18.233    18.282  6 56288.54071374 17.409
 166  87.941115  65.280116    17.477    17.576  6 56298.45636206 17.914
 167  87.942887  65.277498    17.023    17.177  6 56308.37200716 17.168
 168  87.941844  65.276584    15.996    17.028  7 56318.28764939 16.464
 169  87.941859  65.278082    15.550    15.122  7 56328.20329040 16.127
 170  87.942879  65.280329    16.322    16.070  6 56338.11893051 16.224
 171  87.942029  65.281764    16.274    16.289  6 56348.03456862 14.575
 172  87.943947  65.280700    16.892    16.758  6 56357.95020435 14.595
 173  87.944579  65.278299    18.132    18.707  6 56367.86585420 15.026
 175  87.943409  65.279083    15.008    14.490  7 56387.69714777 14.799
 176  87.945224  65.281581    20.304    20.650  6 56397.61279118 14.467
 177  87.943450  65.283474    10.532    11.250  6 56407.52843198 28.947
 178  87.945533  65.283100    20.512    23.292  5 56417.44406934 35.047
 179  87.944847  65.282046    19.540    19.544  6 56427.35970180 53.403
 180  87.943405  65.280807    21.841    22.114  6 56437.27535421 31.707
 181  87.941337  65.280924    19.265    19.962  6 56447.19100556 34.217
 182  87.947128  65.281024    21.782    22.314  6 56457.10665539 21.460
 183  87.946437  65.280871    22.309    22.551  6 56467.02230144 23.452
 184  87.945916  65.279482    11.943    12.510  6 56476.93794355 25.190
 185  87.943880  65.277807     7.618     7.638  6 56486.85358185 34.387
 187  87.944708  65.278655     6.054     6.025  6 56506.68485186 33.673
 188  87.942857  65.281294    19.688    18.761  6 56516.60048656 24.226
 189  87.943269  65.281811    19.702    19.067  6 56526.51614100 26.655
 190  87.944052  65.280762    20.472    21.001  6 56536.43179141 24.177
 192  87.943997  65.278428     7.514     7.461  6 56556.26308184 43.200
 193  87.944261  65.279765    18.748    18.676  6 56566.17872451 25.734
 194  87.944774  65.282139    18.662    18.805  6 56576.09436581 27.449
 195  87.948379  65.283417     6.169     6.263  6 56586.01000420 33.845
 196  87.948193  65.283354     6.202     6.197  6 56595.92564238 41.554
 197  87.942075  65.282258     8.913     8.908  6 56605.84129425 40.146
 198  87.945405  65.280553     9.045     9.059  6 56615.75694214 26.777
 199  87.942557  65.280792    12.814    13.774  6 56625.67258573 18.427
 200  87.943536  65.281105    13.230    12.387  6 56635.58822689 17.863
 201  87.942261  65.281433    16.944    18.498  6 56645.50386563 17.506
 202  87.941528  65.280133    18.790    18.769  6 56655.41951813 15.809
 203  87.942955  65.278261    18.302    18.359  6 56665.33516658 15.887
 205  87.942986  65.278517    21.017    21.823  6 56685.16645670 15.610
 206  87.946201  65.279727    18.503    18.582  6 56695.08209947 13.883
 207  87.945553  65.280896    18.098    18.249  6 56704.99773741 14.273
 208  87.942104  65.281186    18.238    18.087  6 56714.91336969 13.754
 209  87.943757  65.279638   122.064   122.151  6 56724.82902180  3.738
 211  87.944815  65.280489    23.909    23.981  6 56744.66031837 13.314
 212  87.946319  65.282149    24.103    24.148  6 56754.57596070  5.571
 213  87.947403  65.283101     7.928     7.905  6 56764.49159750 33.511
 214  87.947565  65.282715    10.518     9.245  6 56774.40723383 22.368
 215  87.946278  65.281337    23.201    23.116  6 56784.32289084 26.528
 216  87.944461  65.280540    21.531    21.984  6 56794.23854414 33.587
 217  87.944287  65.280212    18.518    18.521  6 56804.15419419 55.562
 218  87.944602  65.280084    23.399    23.460  6 56814.06983695 30.509
 219  87.945620  65.279414    16.321    16.320  6 56823.98547631 39.739
 220  87.942565  65.279139   120.660   120.614  7 56833.90111125  5.512
 221  87.945493  65.278768    10.377    10.361  6 56843.81674329 52.800
 222  87.944098  65.279339    22.438    22.514  6 56853.73238593 23.692
 223  87.945218  65.279599    22.524    22.667  6 56863.64803986 21.487
 224  87.942137  65.280239    20.726    21.126  6 56873.56369278 28.130
 225  87.942770  65.280022     7.661     7.640  6 56883.47934292 50.127
 226  87.940993  65.279910    22.303    22.211  6 56893.39498949 28.922
 227  87.945076  65.279308    23.621    23.660  6 56903.31063345 28.552
 228  87.946473  65.279947    23.623    23.673  6 56913.22627516 28.607
 229  87.941916  65.281752    23.136    23.108  6 56923.14191461 29.617
 230  87.945085  65.282657     7.759     7.795  5 56933.05755240 43.423
 231  87.947208  65.282885    22.210    22.300  6 56942.97318487 27.177
 232  87.945767  65.282227     6.780     6.747  6 56952.88882994 50.497
 233  87.944155  65.281239     8.032     8.074  5 56962.80448045 40.416
 234  87.943762  65.280990    22.104    22.156  6 56972.72012615 18.388
 235  87.944125  65.281235    23.380    23.409  6 56982.63576763 16.313
 236  87.943641  65.281264    17.367    17.195  6 56992.55140443 13.905
 237  87.943269  65.280475    16.870    16.919  6 57002.46703902 14.459
 238  87.943516  65.278728    22.873    22.912  6 57012.38269614 13.707
 239  87.942157  65.278249    23.318    23.211  7 57022.29834743 13.328
 240  87.942949  65.279196    23.346    23.395  7 57032.21399613 13.180
 241  87.943563  65.280348    22.715    23.326  7 57042.12964274 13.245
 242  87.944462  65.280736    21.362    20.912  6 57052.04528726 11.324
 243  87.945266  65.280078    20.347    19.382  6 57061.96092753 11.693
 244  87.944189  65.279867    19.595    19.206  6 57071.87656222 17.927
 245  87.942482  65.280935    19.259    19.351  6 57081.79219260 10.952
 246  87.944498  65.282289    22.686    23.271  6 57091.70783715 10.410
 247  87.944358  65.283486    23.441    23.445  6 57101.62349442 10.676
 248  87.947205  65.283198    23.333    23.517  6 57111.53914867 10.955
 249  87.945167  65.282171    23.982    23.991  6 57121.45479671 11.957
 250  87.943583  65.280807    11.369     8.463  6 57131.37043918 11.092
