# NaN NaN NaN ;Mean Elev.(m), Avg Gradient(m/km), RMS Gradient(m/km) - SRTM1     
#   -9.342  -2.050  10.832 ;Mean Elev.(m), Avg Gradient(m/km), RMS Gradient(m/km) - ASTER GDEM
#   10.130  -0.549   6.068 ;Mean Elev.(m), Avg Gradient(m/km), RMS Gradient(m/km) - GMTED2010 
   1    37.935 54666.35770658 12.64  87.584168  64.555374  4.174  270.48  270.61  270.00
   1    31.892 54666.35770717 15.89  87.589891  64.554458  9.270  270.48  270.61  270.00
   1    22.477 54666.35770776 20.62  87.595613  64.553542 16.812  270.48  270.61  270.00
   1    23.646 54666.35770835 21.54  87.601335  64.552625 11.966  270.48  270.61  270.00
   2    10.776 54676.27335123 36.98  87.585706  64.555997 21.442 -100.00 -100.00 -100.00
   2    10.687 54676.27335182 49.18  87.591429  64.555080  4.333 -100.00 -100.00 -100.00
   2    10.815 54676.27335241 53.99  87.597151  64.554164   -100 -100.00 -100.00 -100.00
   2    10.551 54676.27335300 54.37  87.602873  64.553247   -100 -100.00 -100.00 -100.00
   3   -36.291 54686.18899419 26.85  87.584722  64.557983 10.829 -100.00 -100.00 -100.00
   3   -36.081 54686.18899478 26.71  87.590445  64.557067 13.527 -100.00 -100.00 -100.00
   3   -10.777 54686.18899537 17.86  87.596168  64.556150  4.181 -100.00 -100.00 -100.00
   3    -6.782 54686.18899596 19.74  87.601891  64.555234  3.747 -100.00 -100.00 -100.00
   4    35.739 54696.10463594 15.53  87.587352  64.559052  7.930  262.21  262.48  262.54
   4    22.243 54696.10463653 23.50  87.593076  64.558136 27.763  262.21  262.48  262.54
   4    22.650 54696.10463712 24.72  87.598799  64.557220 29.531  262.21  262.48  262.54
   4    23.255 54696.10463771 24.35  87.604521  64.556303 24.487  262.21  262.48  262.54
   5     4.942 54706.02027573 18.68  87.588935  64.558376  4.456 -100.00 -100.00 -100.00
   5    10.847 54706.02027632 22.64  87.594658  64.557460  5.935 -100.00 -100.00 -100.00
   5    10.285 54706.02027691 25.47  87.600381  64.556543 11.420 -100.00 -100.00 -100.00
   6     3.416 54715.93592798 22.23  87.585238  64.555975  8.839  259.66  259.56  260.24
   6    22.564 54715.93592857 20.48  87.590960  64.555059  6.260  259.66  259.56  260.24
   6    22.640 54715.93592916 22.54  87.596683  64.554142  8.061  259.66  259.56  260.24
   6    22.519 54715.93592975 23.94  87.602404  64.553226 11.812  259.66  259.56  260.24
   7    -7.935 54725.85157783  8.45  87.582295  64.553412  3.219 -100.00 -100.00 -100.00
   7    -1.452 54725.85157842 10.71  87.588017  64.552496  4.369 -100.00 -100.00 -100.00
   7     4.975 54725.85157901 11.08  87.593739  64.551580  3.235 -100.00 -100.00 -100.00
   7    11.481 54725.85157960 10.12  87.599460  64.550663  2.650 -100.00 -100.00 -100.00
   8    32.193 54735.76722603 22.71  87.583285  64.552051 13.805  254.01  255.05  255.54
   8    32.175 54735.76722662 19.97  87.589006  64.551135  7.801  254.01  255.05  255.54
   8    31.439 54735.76722721 24.03  87.594727  64.550219 15.587  254.01  255.05  255.54
   8    21.826 54735.76722780 30.22  87.600448  64.549302 24.261  254.01  255.05  255.54
   9    32.423 54745.68287278 26.97  87.580333  64.553668 16.678 -100.00 -100.00 -100.00
   9    31.931 54745.68287337 25.59  87.586055  64.552752 14.858 -100.00 -100.00 -100.00
   9    31.870 54745.68287396 22.28  87.591777  64.551835  9.284 -100.00 -100.00 -100.00
   9    21.982 54745.68287455 27.71  87.597498  64.550918 21.135 -100.00 -100.00 -100.00
  10    10.661 54755.59851986 25.81  87.585510  64.554386  4.672 -100.00 -100.00 -100.00
  10    10.402 54755.59852045 26.40  87.591233  64.553469  6.153 -100.00 -100.00 -100.00
  10    10.531 54755.59852105 26.58  87.596954  64.552552  7.102 -100.00 -100.00 -100.00
  10    21.935 54755.59852164 26.43  87.602676  64.551635  6.417 -100.00 -100.00 -100.00
  11    20.682 54765.51416481 16.05  87.582398  64.554907  7.002  249.93  246.56  241.66
  11    21.423 54765.51416540 16.64  87.588120  64.553991  8.131  249.93  246.56  241.66
  11    21.837 54765.51416599 15.76  87.593843  64.553074  6.711  249.93  246.56  241.66
  11    21.828 54765.51416658 17.07  87.599565  64.552157  8.627  249.93  246.56  241.66
  12     9.757 54775.42980749 42.77  87.584384  64.552691   -100 -100.00 -100.00 -100.00
  12     9.980 54775.42980808 44.06  87.590107  64.551774   -100 -100.00 -100.00 -100.00
  12     9.681 54775.42980867 47.29  87.595829  64.550858 17.495 -100.00 -100.00 -100.00
  12     9.872 54775.42980926 47.03  87.601550  64.549941   -100 -100.00 -100.00 -100.00
  13    11.074 54785.34544698 37.70  87.579298  64.551659   -100 -100.00 -100.00 -100.00
  13    11.247 54785.34544757 38.99  87.585020  64.550743   -100 -100.00 -100.00 -100.00
  13    11.138 54785.34544816 39.68  87.590742  64.549827   -100 -100.00 -100.00 -100.00
  13    11.175 54785.34544875 42.90  87.596464  64.548910   -100 -100.00 -100.00 -100.00
  13    11.117 54785.34544934 35.76  87.602185  64.547993   -100 -100.00 -100.00 -100.00
  14    11.456 54795.26108572 35.10  87.582667  64.551373 25.348 -100.00 -100.00 -100.00
  14    11.230 54795.26108631 36.13  87.588389  64.550457   -100 -100.00 -100.00 -100.00
  14    11.588 54795.26108690 31.86  87.594111  64.549540 18.689 -100.00 -100.00 -100.00
  14    11.379 54795.26108750 30.77  87.599833  64.548623 17.920 -100.00 -100.00 -100.00
  17    11.246 54825.00800693 17.50  87.586874  64.556471  6.288 -100.00 -100.00 -100.00
  17    11.227 54825.00800752 18.15  87.592597  64.555554  7.746 -100.00 -100.00 -100.00
  17    11.291 54825.00800811 19.23  87.598320  64.554638  8.015 -100.00 -100.00 -100.00
  17    11.318 54825.00800870 18.22  87.604042  64.553721  7.912 -100.00 -100.00 -100.00
  18    11.307 54834.92364638 18.42  87.583171  64.555637 10.093  249.97  245.56  236.13
  18    11.458 54834.92364697 17.57  87.588894  64.554721  7.701  249.97  245.56  236.13
  18    11.530 54834.92364756 17.82  87.594616  64.553804  9.187  249.97  245.56  236.13
  18    11.447 54834.92364815 17.94  87.600338  64.552888 10.080  249.97  245.56  236.13
  19    11.856 54844.83929631 16.09  87.583614  64.554780  8.767  249.51  244.30  233.40
  19    11.851 54844.83929690 16.60  87.589337  64.553864  9.004  249.51  244.30  233.40
  19    11.988 54844.83929749 15.88  87.595059  64.552948  8.435  249.51  244.30  233.40
  19    11.857 54844.83929808 15.57  87.600780  64.552031  8.998  249.51  244.30  233.40
  20    12.128 54854.75494530 12.89  87.584147  64.555211  4.723 -100.00 -100.00 -100.00
  20    12.059 54854.75494589 14.11  87.589869  64.554294  6.434 -100.00 -100.00 -100.00
  20    12.049 54854.75494648 14.78  87.595591  64.553378  7.794 -100.00 -100.00 -100.00
  20    12.034 54854.75494707 13.48  87.601313  64.552461  5.845 -100.00 -100.00 -100.00
  21    12.173 54864.67059431 12.84  87.587439  64.556234  3.256 -100.00 -100.00 -100.00
  21    12.166 54864.67059490 12.51  87.593161  64.555317  3.864 -100.00 -100.00 -100.00
  21    12.292 54864.67059549 12.45  87.598883  64.554400  3.580 -100.00 -100.00 -100.00
  22    12.082 54874.58624246 12.44  87.584910  64.557229  2.751 -100.00 -100.00 -100.00
  22    12.057 54874.58624305 12.48  87.590633  64.556312  3.048 -100.00 -100.00 -100.00
  22    12.100 54874.58624364 11.99  87.596355  64.555395  2.615 -100.00 -100.00 -100.00
  22    25.283 54874.58624423 11.91  87.602077  64.554478  3.439 -100.00 -100.00 -100.00
  23    11.902 54884.50188810 11.63  87.582470  64.556705  3.143 -100.00 -100.00 -100.00
  23    11.739 54884.50188869 11.37  87.588193  64.555789  2.943 -100.00 -100.00 -100.00
  23    11.867 54884.50188928 11.33  87.593915  64.554872  3.266 -100.00 -100.00 -100.00
  23    12.100 54884.50188987 10.82  87.599637  64.553955  2.860 -100.00 -100.00 -100.00
  24    11.756 54894.41753104 11.39  87.585718  64.553649  3.025 -100.00 -100.00 -100.00
  24    11.771 54894.41753163 11.09  87.591441  64.552733  3.313 -100.00 -100.00 -100.00
  24    11.764 54894.41753222 10.78  87.597163  64.551816  2.746 -100.00 -100.00 -100.00
  24    11.731 54894.41753281 10.99  87.602884  64.550899  3.795 -100.00 -100.00 -100.00
  25    11.683 54904.33317063 10.78  87.582313  64.551887  2.957 -100.00 -100.00 -100.00
  25    20.664 54904.33317122 10.50  87.588035  64.550971  2.881 -100.00 -100.00 -100.00
  25    21.583 54904.33317181 10.34  87.593757  64.550054  2.840 -100.00 -100.00 -100.00
  25    22.767 54904.33317240 10.07  87.599478  64.549137  2.690 -100.00 -100.00 -100.00
  26    11.693 54914.24880911 10.45  87.580258  64.551937  3.003 -100.00 -100.00 -100.00
  26    11.666 54914.24880970 10.06  87.585980  64.551021  2.733 -100.00 -100.00 -100.00
  26    11.905 54914.24881029  9.73  87.591702  64.550104  2.864 -100.00 -100.00 -100.00
  26    23.734 54914.24881088  9.54  87.597423  64.549187  2.568 -100.00 -100.00 -100.00
  27    18.367 54924.16444757 11.71  87.584471  64.552775  3.013 -100.00 -100.00 -100.00
  27    20.356 54924.16444816 11.18  87.590193  64.551859  3.137 -100.00 -100.00 -100.00
  27    22.936 54924.16444875 11.59  87.595914  64.550942  3.502 -100.00 -100.00 -100.00
  27    26.927 54924.16444934 11.16  87.601636  64.550025  2.981 -100.00 -100.00 -100.00
  28    12.184 54934.08008482 10.28  87.584507  64.554638  3.215 -100.00 -100.00 -100.00
  28    12.234 54934.08008541 10.01  87.590230  64.553722  2.755 -100.00 -100.00 -100.00
  28    25.901 54934.08008600  9.57  87.595952  64.552805  2.675 -100.00 -100.00 -100.00
  28    26.810 54934.08008659  9.21  87.601673  64.551889  2.602 -100.00 -100.00 -100.00
  29    12.342 54943.99572032 17.95  87.585624  64.555110 17.152 -100.00 -100.00 -100.00
  29    12.219 54943.99572091 22.58  87.591347  64.554194   -100 -100.00 -100.00 -100.00
  29    12.360 54943.99572150 22.94  87.597068  64.553278   -100 -100.00 -100.00 -100.00
  29    12.916 54943.99572210 23.89  87.602790  64.552361 22.956 -100.00 -100.00 -100.00
  30    13.332 54953.91135320 25.22  87.581124  64.554848 19.494 -100.00 -100.00 -100.00
  30    13.389 54953.91135379 24.58  87.586846  64.553932 18.263 -100.00 -100.00 -100.00
  30    13.242 54953.91135438 28.14  87.592568  64.553016 30.118 -100.00 -100.00 -100.00
  30    13.389 54953.91135497 29.90  87.598289  64.552100   -100 -100.00 -100.00 -100.00
  31    17.072 54963.82699832 33.71  87.579555  64.553050 21.783  264.62  262.01  257.10
  31    17.093 54963.82699891 37.62  87.585277  64.552134   -100  264.62  262.01  257.10
  31    16.836 54963.82699951 38.92  87.590998  64.551218   -100  264.62  262.01  257.10
  31    17.077 54963.82700010 39.76  87.596719  64.550302   -100  264.62  262.01  257.10
  31    16.784 54963.82700069 36.77  87.602440  64.549386   -100  264.62  262.01  257.10
  32    24.064 54973.74264711 34.19  87.583324  64.552011   -100  252.02  244.92  229.27
  32    24.138 54973.74264770 32.67  87.589045  64.551095   -100  252.02  244.92  229.27
  32    24.022 54973.74264829 35.14  87.594766  64.550179   -100  252.02  244.92  229.27
  32    24.216 54973.74264888 36.08  87.600487  64.549263   -100  252.02  244.92  229.27
  33    35.117 54983.65829434 27.00  87.580539  64.554071 11.562 -100.00 -100.00 -100.00
  33    34.678 54983.65829493 25.93  87.586261  64.553155 11.163 -100.00 -100.00 -100.00
  33    34.536 54983.65829552 24.86  87.591983  64.552239  9.210 -100.00 -100.00 -100.00
  33    33.859 54983.65829611 25.93  87.597704  64.551322 12.040 -100.00 -100.00 -100.00
  34    32.505 54993.57394208 26.13  87.584944  64.555477 13.092 -100.00 -100.00 -100.00
  34    32.278 54993.57394267 24.00  87.590667  64.554561  9.339 -100.00 -100.00 -100.00
  34    31.688 54993.57394326 24.27  87.596389  64.553644 11.176 -100.00 -100.00 -100.00
  34    22.955 54993.57394385 31.17  87.602110  64.552728 28.459 -100.00 -100.00 -100.00
  35    33.047 55003.48958826 18.80  87.584104  64.556434  6.342  265.08  266.19  266.88
  35    32.866 55003.48958885 18.19  87.589827  64.555518  5.927  265.08  266.19  266.88
  35    22.615 55003.48958944 24.91  87.595549  64.554601 18.437  265.08  266.19  266.88
  35    21.695 55003.48959004 27.69  87.601271  64.553685 26.819  265.08  266.19  266.88
  36    35.113 55013.40523295 19.76  87.586970  64.555507  6.556  263.03  264.15  264.02
  36    33.702 55013.40523354 19.49  87.592693  64.554590  6.497  263.03  264.15  264.02
  36    30.115 55013.40523413 24.22  87.598415  64.553674 15.714  263.03  264.15  264.02
  37    12.668 55023.32087537 41.22  87.580995  64.555737 23.891  275.58  275.51  275.17
  37    12.620 55023.32087596 42.01  87.586718  64.554821 25.723  275.58  275.51  275.17
  37    12.305 55023.32087655 48.20  87.592440  64.553905   -100  275.58  275.51  275.17
  37    12.102 55023.32087714 50.47  87.598162  64.552988 19.980  275.58  275.51  275.17
  38    10.944 55033.23651782 39.91  87.582659  64.555968 21.373 -100.00 -100.00 -100.00
  38    10.786 55033.23651841 42.12  87.588381  64.555052 30.622 -100.00 -100.00 -100.00
  38    10.616 55033.23651900 47.14  87.594104  64.554135   -100 -100.00 -100.00 -100.00
  38    10.428 55033.23651959 49.61  87.599826  64.553218 28.526 -100.00 -100.00 -100.00
  39     9.776 55043.15215965 21.37  87.585519  64.556788  5.134 -100.00 -100.00 -100.00
  39    21.944 55043.15216024 22.44  87.591242  64.555872  5.875 -100.00 -100.00 -100.00
  39    10.324 55043.15216083 30.76  87.596964  64.554955 21.108 -100.00 -100.00 -100.00
  39    21.480 55043.15216142 31.19  87.602686  64.554038 14.683 -100.00 -100.00 -100.00
  40    10.123 55053.06779938 31.26  87.582899  64.558139   -100  264.75  266.16  266.11
  40    10.171 55053.06779997 34.43  87.588623  64.557223   -100  264.75  266.16  266.11
  40     9.979 55053.06780056 35.63  87.594345  64.556307 12.344  264.75  266.16  266.11
  40    22.339 55053.06780115 24.47  87.600068  64.555390 14.769  264.75  266.16  266.11
  41    10.818 55062.98343755 40.05  87.585482  64.556909 21.456 -100.00 -100.00 -100.00
  41    10.868 55062.98343815 45.35  87.591205  64.555993 27.197 -100.00 -100.00 -100.00
  41    10.351 55062.98343874 50.16  87.596927  64.555076   -100 -100.00 -100.00 -100.00
  41    10.213 55062.98343933 53.35  87.602649  64.554160 15.109 -100.00 -100.00 -100.00
  42     9.937 55072.89908236 31.38  87.585103  64.554583 25.007 -100.00 -100.00 -100.00
  42    10.079 55072.89908295 23.89  87.590826  64.553667  8.166 -100.00 -100.00 -100.00
  42    21.821 55072.89908354 24.12  87.596547  64.552751  8.344 -100.00 -100.00 -100.00
  42    21.528 55072.89908413 33.14  87.602269  64.551834 20.189 -100.00 -100.00 -100.00
  43     9.710 55082.81473059 23.75  87.582785  64.552615 15.460  263.41  265.41  262.87
  43     9.964 55082.81473118 23.89  87.588507  64.551699 15.675  263.41  265.41  262.87
  43    21.548 55082.81473177 23.13  87.594228  64.550783 11.714  263.41  265.41  262.87
  43    21.794 55082.81473236 29.39  87.599949  64.549866 22.831  263.41  265.41  262.87
  44     9.995 55092.73037745 37.98  87.584415  64.551798   -100 -100.00 -100.00 -100.00
  44    10.170 55092.73037805 50.14  87.590136  64.550881   -100 -100.00 -100.00 -100.00
  44    10.210 55092.73037864 55.18  87.595857  64.549965 12.475 -100.00 -100.00 -100.00
  44    10.335 55092.73037923 54.33  87.601578  64.549048   -100 -100.00 -100.00 -100.00
  45     9.996 55102.64602336 37.03  87.580343  64.553285   -100 -100.00 -100.00 -100.00
  45    10.620 55102.64602395 40.18  87.586065  64.552368 26.543 -100.00 -100.00 -100.00
  45    10.205 55102.64602454 52.18  87.591786  64.551452  2.840 -100.00 -100.00 -100.00
  45    10.333 55102.64602513 50.54  87.597508  64.550535   -100 -100.00 -100.00 -100.00
  46    32.562 55112.56166941 21.34  87.580967  64.554323 10.795 -100.00 -100.00 -100.00
  46    32.238 55112.56167000 22.60  87.586690  64.553406 13.248 -100.00 -100.00 -100.00
  46    31.845 55112.56167059 19.43  87.592412  64.552490  6.724 -100.00 -100.00 -100.00
  46    22.792 55112.56167118 25.22  87.598133  64.551573 18.130 -100.00 -100.00 -100.00
  47     9.988 55122.47731347 27.16  87.584249  64.553815 12.249  251.45  249.73  251.34
  47     9.804 55122.47731406 24.10  87.589972  64.552899  8.187  251.45  249.73  251.34
  47    21.721 55122.47731465 22.73  87.595694  64.551982  6.399  251.45  249.73  251.34
  47    21.814 55122.47731524 26.24  87.601415  64.551065 11.581  251.45  249.73  251.34
  48    10.016 55132.39295437 43.20  87.584045  64.552773 31.434  247.32  244.01  242.75
  48     9.846 55132.39295496 47.39  87.589768  64.551857   -100  247.32  244.01  242.75
  48     9.517 55132.39295555 49.36  87.595490  64.550940 29.492  247.32  244.01  242.75
  48     9.707 55132.39295614 50.43  87.601211  64.550023  5.847  247.32  244.01  242.75
  49    11.725 55142.30859315 36.13  87.582684  64.551727   -100  249.93  247.18  244.44
  49    11.584 55142.30859374 37.16  87.588407  64.550810   -100  249.93  247.18  244.44
  49    11.667 55142.30859433 39.99  87.594129  64.549894   -100  249.93  247.18  244.44
  49    11.594 55142.30859492 33.80  87.599850  64.548977   -100  249.93  247.18  244.44
  50    11.206 55152.22423154 27.70  87.583778  64.551798 13.121 -100.00 -100.00 -100.00
  50    11.078 55152.22423213 31.23  87.589500  64.550882 23.380 -100.00 -100.00 -100.00
  50    11.292 55152.22423272 28.99  87.595222  64.549965 15.550 -100.00 -100.00 -100.00
  50    11.083 55152.22423331 28.33  87.600944  64.549049 15.912 -100.00 -100.00 -100.00
  51    11.832 55162.13986966 25.88  87.580453  64.554129 13.230 -100.00 -100.00 -100.00
  51    11.965 55162.13987025 25.95  87.586176  64.553213 12.928 -100.00 -100.00 -100.00
  51    11.790 55162.13987084 25.66  87.591898  64.552296 13.802 -100.00 -100.00 -100.00
  51    11.887 55162.13987143 25.12  87.597620  64.551380 13.098 -100.00 -100.00 -100.00
  52    11.765 55172.05550801 19.53  87.583174  64.555925  5.815  245.82  240.60  229.96
  52    12.000 55172.05550860 19.03  87.588898  64.555009  5.164  245.82  240.60  229.96
  52    20.638 55172.05550919 19.48  87.594620  64.554092  5.625  245.82  240.60  229.96
  52    11.914 55172.05550978 19.10  87.600343  64.553176  5.457  245.82  240.60  229.96
  53    11.966 55181.97114454 17.82  87.582881  64.557381  5.924 -100.00 -100.00 -100.00
  53    12.042 55181.97114513 17.44  87.588605  64.556465  5.418 -100.00 -100.00 -100.00
  53    12.235 55181.97114572 17.27  87.594328  64.555549  5.891 -100.00 -100.00 -100.00
  53    12.040 55181.97114631 16.56  87.600050  64.554633  4.464 -100.00 -100.00 -100.00
  54    11.937 55191.88679499 19.51  87.584361  64.556563  8.027  244.93  238.11  222.69
  54    11.908 55191.88679558 17.77  87.590084  64.555647  5.324  244.93  238.11  222.69
  54    12.048 55191.88679617 16.79  87.595806  64.554731  4.668  244.93  238.11  222.69
  54    12.066 55191.88679676 17.08  87.601528  64.553814  4.972  244.93  238.11  222.69
  55    12.046 55201.80244543 17.47  87.586871  64.555621  6.368 -100.00 -100.00 -100.00
  55    11.997 55201.80244602 19.01  87.592593  64.554704  8.088 -100.00 -100.00 -100.00
  55    12.129 55201.80244661 17.95  87.598315  64.553788  6.654 -100.00 -100.00 -100.00
  55    11.911 55201.80244721 17.79  87.604037  64.552871  7.595 -100.00 -100.00 -100.00
  56    12.136 55211.71809447 17.19  87.582732  64.556316  4.961 -100.00 -100.00 -100.00
  56    12.211 55211.71809506 17.26  87.588454  64.555400  5.883 -100.00 -100.00 -100.00
  56    12.175 55211.71809565 17.71  87.594177  64.554483  6.355 -100.00 -100.00 -100.00
  56    12.124 55211.71809624 17.40  87.599898  64.553566  6.373 -100.00 -100.00 -100.00
  57    12.016 55221.63374388 14.78  87.587185  64.555910  4.469 -100.00 -100.00 -100.00
  57    12.104 55221.63374447 14.30  87.592907  64.554993  3.427 -100.00 -100.00 -100.00
  57    12.113 55221.63374506 14.27  87.598629  64.554076  3.957 -100.00 -100.00 -100.00
  58    11.998 55231.54939114 14.48  87.581561  64.556127  3.449  246.54  238.05  220.95
  58    12.214 55231.54939173 14.02  87.587284  64.555211  3.771  246.54  238.05  220.95
  58    12.149 55231.54939232 13.89  87.593006  64.554294  3.355  246.54  238.05  220.95
  58    12.164 55231.54939291 13.92  87.598728  64.553377  3.942  246.54  238.05  220.95
  59    11.803 55241.46503592 14.51  87.582583  64.554626  4.724  246.11  237.07  217.85
  59    11.922 55241.46503651 13.48  87.588305  64.553710  3.442  246.11  237.07  217.85
  59    12.044 55241.46503711 13.92  87.594028  64.552793  4.582  246.11  237.07  217.85
  59    11.803 55241.46503770 16.50  87.599749  64.551876  8.263  246.11  237.07  217.85
  60    11.394 55251.38067718 20.32  87.582832  64.552873 11.958  243.23  232.68  212.59
  60    11.809 55251.38067777 14.18  87.588554  64.551956  4.929  243.23  232.68  212.59
  60    11.873 55251.38067836 14.44  87.594276  64.551040  5.764  243.23  232.68  212.59
  60    11.559 55251.38067895 18.43  87.599998  64.550123 10.739  243.23  232.68  212.59
  61    11.562 55261.29631603 11.25  87.581787  64.552042  2.876  248.25  240.05  221.85
  61    11.680 55261.29631662 11.00  87.587509  64.551125  3.556  248.25  240.05  221.85
  61    11.655 55261.29631721 11.12  87.593230  64.550209  3.605  248.25  240.05  221.85
  61    11.716 55261.29631780 10.64  87.598952  64.549292  3.220  248.25  240.05  221.85
  62    11.341 55271.21195390 12.62  87.580511  64.552758  5.339  252.57  244.58  228.83
  62    11.084 55271.21195449 15.34  87.586233  64.551841  8.898  252.57  244.58  228.83
  62    11.266 55271.21195508 14.56  87.591955  64.550925  7.753  252.57  244.58  228.83
  62    21.441 55271.21195567 10.76  87.597676  64.550008  3.217  252.57  244.58  228.83
  63    11.688 55281.12759182 11.17  87.580668  64.553813  2.996 -100.00 -100.00 -100.00
  63    11.553 55281.12759241 11.27  87.586390  64.552897  3.214 -100.00 -100.00 -100.00
  63    21.569 55281.12759300 10.86  87.592112  64.551980  3.061 -100.00 -100.00 -100.00
  63    22.055 55281.12759359 10.38  87.597833  64.551064  2.606 -100.00 -100.00 -100.00
  64    11.248 55291.04322879 12.19  87.582849  64.554257  3.264 -100.00 -100.00 -100.00
  64    11.388 55291.04322938 11.49  87.588571  64.553340  3.005 -100.00 -100.00 -100.00
  64    11.364 55291.04322997 11.51  87.594293  64.552424  2.973 -100.00 -100.00 -100.00
  64    22.622 55291.04323056 11.17  87.600014  64.551508  2.439 -100.00 -100.00 -100.00
  65    11.176 55300.95886324 11.75  87.582448  64.554464  4.093 -100.00 -100.00 -100.00
  65    11.087 55300.95886383 13.09  87.588170  64.553549  5.518 -100.00 -100.00 -100.00
  65    11.394 55300.95886442 11.69  87.593892  64.552632  4.418 -100.00 -100.00 -100.00
  65    11.391 55300.95886501 11.96  87.599613  64.551716  5.443 -100.00 -100.00 -100.00
  66    10.855 55310.87451025 11.34  87.583710  64.553100  7.524 -100.00 -100.00 -100.00
  66    10.842 55310.87451084 14.07  87.589431  64.552184 12.111 -100.00 -100.00 -100.00
  66    11.128 55310.87451143 11.22  87.595153  64.551268  8.084 -100.00 -100.00 -100.00
  66    11.026 55310.87451202 12.56  87.600873  64.550352 10.056 -100.00 -100.00 -100.00
  67    11.989 55320.79015587 20.71  87.583758  64.552400 22.211  255.60  247.22  227.84
  67    12.097 55320.79015646 19.81  87.589479  64.551484 18.938  255.60  247.22  227.84
  67    12.113 55320.79015705 20.71  87.595200  64.550568 24.021  255.60  247.22  227.84
  67    12.166 55320.79015765 24.54  87.600920  64.549651   -100  255.60  247.22  227.84
  68    16.768 55330.70579996 32.31  87.580905  64.553230   -100 -100.00 -100.00 -100.00
  68    16.727 55330.70580055 27.85  87.586627  64.552314 23.802 -100.00 -100.00 -100.00
  68    16.869 55330.70580114 31.67  87.592348  64.551397   -100 -100.00 -100.00 -100.00
  68    21.623 55330.70580173 30.04  87.598069  64.550481   -100 -100.00 -100.00 -100.00
  69    31.552 55340.62144462 28.29  87.585327  64.553811 14.218  249.62  251.28  253.60
  69    21.201 55340.62144521 29.70  87.591048  64.552895 21.362  249.62  251.28  253.60
  69    21.458 55340.62144580 31.56  87.596769  64.551979 27.110  249.62  251.28  253.60
  69    22.052 55340.62144639 31.59  87.602490  64.551062 24.852  249.62  251.28  253.60
  70    32.575 55350.53708868 27.60  87.586069  64.554887  7.855  246.30  248.76  250.41
  70    31.883 55350.53708927 28.21  87.591791  64.553970  7.918  246.30  248.76  250.41
  70    20.381 55350.53708986 36.29  87.597513  64.553054 28.184  246.30  248.76  250.41
  70    22.005 55350.53709045 35.87  87.603234  64.552137 24.364  246.30  248.76  250.41
  71    34.872 55360.45273047 20.85  87.584959  64.555772  7.635 -100.00 -100.00 -100.00
  71    34.736 55360.45273106 19.27  87.590682  64.554856  4.871 -100.00 -100.00 -100.00
  71    31.253 55360.45273165 22.40  87.596404  64.553940  9.999 -100.00 -100.00 -100.00
  71    22.905 55360.45273224 28.78  87.602126  64.553023 24.361 -100.00 -100.00 -100.00
  72    32.712 55370.36837011 21.54  87.583462  64.556259 10.523  263.63  263.94  264.87
  72    34.643 55370.36837070 19.36  87.589185  64.555343  7.008  263.63  263.94  264.87
  72    31.505 55370.36837129 21.82  87.594908  64.554426 12.784  263.63  263.94  264.87
  72    23.544 55370.36837188 24.97  87.600630  64.553510 17.125  263.63  263.94  264.87
  73    35.174 55380.28400849 18.99  87.583940  64.556671  7.870 -100.00 -100.00 -100.00
  73    34.758 55380.28400909 19.20  87.589663  64.555755  7.074 -100.00 -100.00 -100.00
  73    30.476 55380.28400968 22.26  87.595386  64.554838 11.815 -100.00 -100.00 -100.00
  73    23.293 55380.28401027 25.19  87.601108  64.553921 20.634 -100.00 -100.00 -100.00
  74    35.409 55390.19964599 16.12  87.582564  64.557711  6.102 -100.00 -100.00 -100.00
  74    35.099 55390.19964658 15.91  87.588287  64.556795  5.804 -100.00 -100.00 -100.00
  74    31.839 55390.19964717 18.35  87.594010  64.555879  9.649 -100.00 -100.00 -100.00
  74    22.761 55390.19964776 23.41  87.599732  64.554963 20.579 -100.00 -100.00 -100.00
  75    11.231 55400.11528312 33.73  87.587855  64.557338   -100 -100.00 -100.00 -100.00
  75    11.199 55400.11528371 33.10  87.593578  64.556422   -100 -100.00 -100.00 -100.00
  75    22.027 55400.11528430 26.60  87.599300  64.555506 20.876 -100.00 -100.00 -100.00
  76    32.413 55410.03093082 15.42  87.586343  64.556365  9.732  263.04  263.30  262.80
  76    32.023 55410.03093141 16.06  87.592066  64.555449  8.996  263.04  263.30  262.80
  76    22.763 55410.03093200 21.50  87.597788  64.554533 18.317  263.04  263.30  262.80
  76    23.718 55410.03093259 21.54  87.603510  64.553617 15.456  263.04  263.30  262.80
  77    10.516 55419.94658100 42.77  87.582712  64.554520 32.336  256.69  256.85  256.59
  77    10.401 55419.94658159 43.63  87.588434  64.553604   -100  256.69  256.85  256.59
  77    10.650 55419.94658218 44.78  87.594156  64.552688   -100  256.69  256.85  256.59
  77    10.421 55419.94658278 47.46  87.599877  64.551772  0.322  256.69  256.85  256.59
  78    10.388 55429.86222846 21.72  87.584368  64.552343  5.563 -100.00 -100.00 -100.00
  78    10.488 55429.86222905 22.54  87.590090  64.551427  7.494 -100.00 -100.00 -100.00
  78    22.141 55429.86222964 24.27  87.595810  64.550511  8.449 -100.00 -100.00 -100.00
  78    22.031 55429.86223024 29.41  87.601531  64.549594 17.120 -100.00 -100.00 -100.00
  79    33.810 55439.77787253 20.04  87.579066  64.552956  8.565 -100.00 -100.00 -100.00
  79    34.597 55439.77787312 18.56  87.584788  64.552040  7.511 -100.00 -100.00 -100.00
  79    34.628 55439.77787371 17.88  87.590509  64.551123  6.550 -100.00 -100.00 -100.00
  79    21.959 55439.77787430 23.75  87.596230  64.550207 17.548 -100.00 -100.00 -100.00
  79    22.447 55439.77787489 27.25  87.601951  64.549290 18.399 -100.00 -100.00 -100.00
  80    34.782 55449.69351576 23.04  87.581158  64.553605 11.094  247.56  248.82  250.68
  80    34.349 55449.69351635 22.61  87.586880  64.552688 10.000  247.56  248.82  250.68
  80    33.851 55449.69351694 21.02  87.592601  64.551772  7.742  247.56  248.82  250.68
  80    30.795 55449.69351753 24.12  87.598322  64.550855 12.886  247.56  248.82  250.68
  81    32.514 55459.60915861 20.45  87.583721  64.553971  8.201 -100.00 -100.00 -100.00
  81    32.145 55459.60915920 20.23  87.589443  64.553055 10.169 -100.00 -100.00 -100.00
  81    31.018 55459.60915979 22.68  87.595165  64.552138 11.027 -100.00 -100.00 -100.00
  81    21.916 55459.60916038 29.17  87.600886  64.551221 24.953 -100.00 -100.00 -100.00
  82    32.614 55469.52480041 19.76  87.584088  64.553664  7.083 -100.00 -100.00 -100.00
  82    32.189 55469.52480100 20.82  87.589811  64.552748  8.990 -100.00 -100.00 -100.00
  82    31.625 55469.52480159 21.06  87.595533  64.551832  8.842 -100.00 -100.00 -100.00
  82    22.199 55469.52480218 29.33  87.601254  64.550915 21.819 -100.00 -100.00 -100.00
  83    32.431 55479.44043892 23.07  87.582749  64.553007 12.786 -100.00 -100.00 -100.00
  83    32.210 55479.44043951 22.38  87.588471  64.552091 12.897 -100.00 -100.00 -100.00
  83    31.617 55479.44044010 21.52  87.594193  64.551174 10.329 -100.00 -100.00 -100.00
  83    21.754 55479.44044069 31.50  87.599915  64.550258   -100 -100.00 -100.00 -100.00
  84    11.443 55489.35607491 38.99  87.583992  64.552400 18.821 -100.00 -100.00 -100.00
  84    10.972 55489.35607550 45.46  87.589714  64.551484   -100 -100.00 -100.00 -100.00
  84    10.983 55489.35607609 48.47  87.595437  64.550568  0.964 -100.00 -100.00 -100.00
  84    11.066 55489.35607668 52.73  87.601158  64.549651   -100 -100.00 -100.00 -100.00
  85     9.636 55499.27170854 21.68  87.584542  64.553043 15.545 -100.00 -100.00 -100.00
  85     9.927 55499.27170913 22.93  87.590265  64.552127 17.868 -100.00 -100.00 -100.00
  85     9.918 55499.27170972 25.75  87.595988  64.551210 29.880 -100.00 -100.00 -100.00
  85    10.184 55499.27171031 27.05  87.601710  64.550294   -100 -100.00 -100.00 -100.00
  86    21.536 55509.18734867 14.37  87.585368  64.554346  3.948  248.26  244.87  241.67
  86    21.600 55509.18734926 14.59  87.591091  64.553430  5.304  248.26  244.87  241.67
  86    21.351 55509.18734985 16.94  87.596814  64.552513  8.485  248.26  244.87  241.67
  86    21.553 55509.18735044 22.90  87.602536  64.551597 20.111  248.26  244.87  241.67
  87     9.407 55519.10299873 42.30  87.585646  64.555109   -100 -100.00 -100.00 -100.00
  87     9.629 55519.10299932 45.58  87.591369  64.554193   -100 -100.00 -100.00 -100.00
  87     9.288 55519.10299991 48.67  87.597092  64.553277 25.013 -100.00 -100.00 -100.00
  87     9.241 55519.10300050 43.97  87.602814  64.552360  4.022 -100.00 -100.00 -100.00
  88    10.868 55529.01864773 34.08  87.584314  64.555740 30.578  229.62  222.41  213.40
  88    10.999 55529.01864832 32.02  87.590037  64.554824 21.398  229.62  222.41  213.40
  88    10.868 55529.01864891 31.57  87.595760  64.553908 22.618  229.62  222.41  213.40
  88    10.750 55529.01864950 30.57  87.601482  64.552991 18.395  229.62  222.41  213.40
  89    10.471 55538.93429483 29.26  87.581750  64.555984 15.366  230.92  223.00  212.39
  89    10.585 55538.93429542 28.92  87.587473  64.555068 15.259  230.92  223.00  212.39
  89    10.554 55538.93429601 28.64  87.593195  64.554152 13.076  230.92  223.00  212.39
  89    10.427 55538.93429660 27.18  87.598917  64.553235 11.610  230.92  223.00  212.39
  90    10.772 55548.84994005 22.87  87.583042  64.555701  8.161  235.50  229.04  217.38
  90    10.682 55548.84994064 22.33  87.588765  64.554785  7.455  235.50  229.04  217.38
  90    10.708 55548.84994123 22.89  87.594487  64.553869  8.144  235.50  229.04  217.38
  90    10.528 55548.84994182 21.01  87.600208  64.552952  6.229  235.50  229.04  217.38
  91    11.631 55558.76558363 25.09  87.586001  64.555649 13.464  238.70  231.46  218.75
  91    11.455 55558.76558422 23.38  87.591724  64.554733 10.578  238.70  231.46  218.75
  91    11.375 55558.76558481 24.60  87.597446  64.553816 13.887  238.70  231.46  218.75
  91    11.500 55558.76558540 21.40  87.603167  64.552899  7.912  238.70  231.46  218.75
  92    12.348 55568.68122604 19.64  87.586717  64.556428  6.175  242.54  236.23  222.37
  92    12.380 55568.68122663 19.26  87.592439  64.555512  6.296  242.54  236.23  222.37
  92    12.391 55568.68122722 18.73  87.598161  64.554595  6.420  242.54  236.23  222.37
  92    12.202 55568.68122781 18.06  87.603883  64.553678  5.433  242.54  236.23  222.37
  93    12.214 55578.59686751 16.55  87.586297  64.556583  4.584  245.57  239.03  225.04
  93    12.167 55578.59686810 16.59  87.592020  64.555666  4.438  245.57  239.03  225.04
  93    12.114 55578.59686869 16.35  87.597742  64.554750  4.483  245.57  239.03  225.04
  93    12.018 55578.59686928 16.47  87.603464  64.553833  5.682  245.57  239.03  225.04
  94    12.149 55588.51250642 15.78  87.583014  64.555686  4.132  244.35  236.69  220.94
  94    12.198 55588.51250701 17.26  87.588737  64.554770  6.361  244.35  236.69  220.94
  94    12.169 55588.51250760 15.94  87.594460  64.553854  5.852  244.35  236.69  220.94
  94    12.001 55588.51250819 15.73  87.600182  64.552937  5.478  244.35  236.69  220.94
  95    12.012 55598.42814277 16.53  87.583816  64.553476  3.784 -100.00 -100.00 -100.00
  95    11.987 55598.42814336 16.20  87.589539  64.552560  3.569 -100.00 -100.00 -100.00
  95    11.908 55598.42814395 16.14  87.595262  64.551643  4.292 -100.00 -100.00 -100.00
  95    12.051 55598.42814454 15.69  87.600983  64.550727  3.830 -100.00 -100.00 -100.00
  96    11.907 55608.34377632 15.68  87.583032  64.552566  3.666 -100.00 -100.00 -100.00
  96    11.816 55608.34377691 15.87  87.588755  64.551650  3.775 -100.00 -100.00 -100.00
  96    11.922 55608.34377750 15.22  87.594477  64.550733  3.296 -100.00 -100.00 -100.00
  96    11.944 55608.34377809 14.89  87.600199  64.549817  3.330 -100.00 -100.00 -100.00
  97    11.616 55618.25940798 15.87  87.582785  64.553528  4.093 -100.00 -100.00 -100.00
  97    11.683 55618.25940857 15.62  87.588508  64.552612  4.398 -100.00 -100.00 -100.00
  97    11.547 55618.25940916 15.65  87.594230  64.551696  4.617 -100.00 -100.00 -100.00
  97    11.745 55618.25940975 15.05  87.599952  64.550779  4.264 -100.00 -100.00 -100.00
  98    11.319 55628.17505474 15.09  87.583440  64.555122  3.610 -100.00 -100.00 -100.00
  98    11.341 55628.17505533 14.41  87.589163  64.554206  3.520 -100.00 -100.00 -100.00
  98    11.449 55628.17505592 14.43  87.594886  64.553290  3.839 -100.00 -100.00 -100.00
  98    11.402 55628.17505651 13.95  87.600608  64.552374  3.360 -100.00 -100.00 -100.00
  99    11.265 55638.09070602 14.00  87.582938  64.555783  3.575 -100.00 -100.00 -100.00
  99    11.204 55638.09070661 13.80  87.588661  64.554867  3.645 -100.00 -100.00 -100.00
  99    11.291 55638.09070720 13.64  87.594383  64.553951  3.106 -100.00 -100.00 -100.00
  99    11.196 55638.09070779 13.00  87.600105  64.553034  2.874 -100.00 -100.00 -100.00
 100    11.175 55648.00635548 10.37  87.583938  64.554532  3.298 -100.00 -100.00 -100.00
 100    11.126 55648.00635607  9.93  87.589661  64.553616  3.280 -100.00 -100.00 -100.00
 100    11.223 55648.00635666  9.76  87.595382  64.552700  3.244 -100.00 -100.00 -100.00
 100    24.329 55648.00635725  9.71  87.601104  64.551783  2.974 -100.00 -100.00 -100.00
 101    11.200 55657.92200162 11.57  87.580646  64.552871  3.104 -100.00 -100.00 -100.00
 101    11.435 55657.92200221 11.24  87.586368  64.551955  3.277 -100.00 -100.00 -100.00
 101    11.415 55657.92200280 11.17  87.592089  64.551039  3.027 -100.00 -100.00 -100.00
 101    19.957 55657.92200339 10.91  87.597810  64.550123  3.246 -100.00 -100.00 -100.00
 102    11.167 55667.83764417 24.65  87.583414  64.551364   -100 -100.00 -100.00 -100.00
 102    10.971 55667.83764476 26.43  87.589135  64.550448   -100 -100.00 -100.00 -100.00
 102    11.156 55667.83764535 23.51  87.594855  64.549532 30.308 -100.00 -100.00 -100.00
 102    11.269 55667.83764594 22.64  87.600576  64.548616 27.066 -100.00 -100.00 -100.00
 103    14.602 55677.75328340 37.27  87.581670  64.552749   -100 -100.00 -100.00 -100.00
 103    14.585 55677.75328399 33.58  87.587391  64.551833 30.342 -100.00 -100.00 -100.00
 103    14.460 55677.75328458 28.86  87.593112  64.550917 15.888 -100.00 -100.00 -100.00
 103    14.565 55677.75328517 32.97  87.598833  64.550000 28.494 -100.00 -100.00 -100.00
 104    20.670 55687.66892117 40.38  87.585861  64.554559   -100  241.73  243.54  246.93
 104    20.787 55687.66892176 48.46  87.591583  64.553643   -100  241.73  243.54  246.93
 104    20.781 55687.66892235 55.99  87.597305  64.552726   -100  241.73  243.54  246.93
 104    20.717 55687.66892294 48.89  87.603026  64.551810   -100  241.73  243.54  246.93
 105    34.579 55697.58455738 23.97  87.587060  64.556396 10.590  244.51  244.16  247.66
 105    32.556 55697.58455797 23.14  87.592783  64.555479  8.007  244.51  244.16  247.66
 105    31.673 55697.58455856 23.73  87.598505  64.554563 11.478  244.51  244.16  247.66
 105    22.456 55697.58455915 31.03  87.604226  64.553646 30.617  244.51  244.16  247.66
 106    18.198 55707.50019230 33.87  87.585298  64.557281  6.831  255.54  256.37  258.15
 106    17.957 55707.50019289 32.84  87.591021  64.556365  5.864  255.54  256.37  258.15
 106    18.018 55707.50019348 33.38  87.596744  64.555449  7.204  255.54  256.37  258.15
 106    22.364 55707.50019407 36.96  87.602466  64.554532 12.428  255.54  256.37  258.15
 107    13.906 55717.41584366 28.27  87.586035  64.555985  6.112 -100.00 -100.00 -100.00
 107    14.075 55717.41584425 28.65  87.591758  64.555069  7.004 -100.00 -100.00 -100.00
 107    22.200 55717.41584484 27.00  87.597481  64.554153  5.413 -100.00 -100.00 -100.00
 107    22.773 55717.41584543 27.77  87.603203  64.553236  7.925 -100.00 -100.00 -100.00
 108    32.364 55727.33149211 16.07  87.585280  64.555479  7.436  263.39  263.03  263.45
 108    22.651 55727.33149270 18.57  87.591002  64.554563 11.988  263.39  263.03  263.45
 108    23.502 55727.33149329 19.95  87.596725  64.553646 12.805  263.39  263.03  263.45
 108    22.940 55727.33149388 22.66  87.602447  64.552730 14.811  263.39  263.03  263.45
 109    32.153 55737.24713891 15.47  87.584892  64.556081 10.848 -100.00 -100.00 -100.00
 109    31.664 55737.24713950 16.44  87.590614  64.555164 10.043 -100.00 -100.00 -100.00
 109    23.540 55737.24714009 19.51  87.596337  64.554248 15.192 -100.00 -100.00 -100.00
 109    23.372 55737.24714068 22.42  87.602059  64.553331 17.582 -100.00 -100.00 -100.00
 110    21.099 55747.16278430 16.55  87.583072  64.557275  5.754  266.83  267.73  267.60
 110    22.395 55747.16278489 16.16  87.588795  64.556359  5.725  266.83  267.73  267.60
 110    22.498 55747.16278548 19.12  87.594518  64.555442  8.467  266.83  267.73  267.60
 110    23.558 55747.16278607 18.99  87.600240  64.554526  7.808  266.83  267.73  267.60
 111    37.456 55757.07842817 15.06  87.585731  64.556710  5.099  264.88  266.57  266.60
 111    37.502 55757.07842876 16.75  87.591453  64.555794  6.722  264.88  266.57  266.60
 111    22.546 55757.07842935 24.17  87.597176  64.554877 23.299  264.88  266.57  266.60
 111    23.435 55757.07842994 24.38  87.602898  64.553960 15.417  264.88  266.57  266.60
 112    22.158 55766.99406927 18.73  87.585760  64.555033  8.530  261.36  261.98  262.48
 112    23.270 55766.99406987 17.13  87.591482  64.554117  6.364  261.36  261.98  262.48
 112    23.332 55766.99407046 20.61  87.597204  64.553200  9.114  261.36  261.98  262.48
 112    23.004 55766.99407105 24.72  87.602925  64.552283 16.935  261.36  261.98  262.48
 113    34.678 55776.90970693 18.66  87.580886  64.553457  6.392 -100.00 -100.00 -100.00
 113    32.043 55776.90970752 18.11  87.586608  64.552541  6.523 -100.00 -100.00 -100.00
 113    10.795 55776.90970811 21.97  87.592330  64.551625 14.671 -100.00 -100.00 -100.00
 113    21.751 55776.90970870 26.90  87.598051  64.550709 25.381 -100.00 -100.00 -100.00
 114    11.310 55786.82534218 40.51  87.580122  64.552369 26.020 -100.00 -100.00 -100.00
 114    11.304 55786.82534277 43.70  87.585844  64.551453 26.707 -100.00 -100.00 -100.00
 114    11.099 55786.82534336 53.26  87.591565  64.550537   -100 -100.00 -100.00 -100.00
 114    10.943 55786.82534395 52.91  87.597286  64.549621 21.468 -100.00 -100.00 -100.00
 115    11.771 55796.74097584 40.49  87.582608  64.553334 16.929 -100.00 -100.00 -100.00
 115    11.300 55796.74097643 44.50  87.588330  64.552418 32.343 -100.00 -100.00 -100.00
 115    10.781 55796.74097702 55.89  87.594051  64.551502   -100 -100.00 -100.00 -100.00
 115    11.038 55796.74097761 54.73  87.599773  64.550586 14.384 -100.00 -100.00 -100.00
 116    11.553 55806.65661737 34.35  87.583141  64.555315 27.853 -100.00 -100.00 -100.00
 116    11.306 55806.65661796 26.35  87.588864  64.554399  8.387 -100.00 -100.00 -100.00
 116    22.276 55806.65661855 24.43  87.594586  64.553483  6.200 -100.00 -100.00 -100.00
 116    21.861 55806.65661914 31.04  87.600308  64.552566 20.724 -100.00 -100.00 -100.00
 117    11.258 55816.57226637 39.44  87.584250  64.556214   -100  252.37  253.37  254.85
 117    11.446 55816.57226696 42.39  87.589973  64.555298   -100  252.37  253.37  254.85
 117    12.483 55816.57226755 42.62  87.595696  64.554382 17.921  252.37  253.37  254.85
 117    11.722 55816.57226814 44.21  87.601418  64.553465   -100  252.37  253.37  254.85
 118    10.562 55826.48791228 25.52  87.584677  64.555073  5.564  255.19  255.84  257.76
 118    21.969 55826.48791287 25.61  87.590400  64.554157  6.102  255.19  255.84  257.76
 118    22.593 55826.48791346 26.03  87.596122  64.553241  6.318  255.19  255.84  257.76
 118    10.692 55826.48791405 34.81  87.601844  64.552324 20.956  255.19  255.84  257.76
 119     9.962 55836.40355384 32.34  87.584899  64.553138   -100 -100.00 -100.00 -100.00
 119     9.831 55836.40355443 31.12  87.590622  64.552222   -100 -100.00 -100.00 -100.00
 119     9.923 55836.40355502 34.25  87.596344  64.551305   -100 -100.00 -100.00 -100.00
 119    21.818 55836.40355561 35.35  87.602066  64.550389   -100 -100.00 -100.00 -100.00
 120    32.321 55846.31919177 23.07  87.581951  64.552392 11.186 -100.00 -100.00 -100.00
 120    31.169 55846.31919236 24.13  87.587674  64.551476 16.000 -100.00 -100.00 -100.00
 120    30.981 55846.31919295 23.71  87.593397  64.550560 14.569 -100.00 -100.00 -100.00
 120    21.849 55846.31919354 28.52  87.599119  64.549644 24.880 -100.00 -100.00 -100.00
 121    32.336 55856.23482714 20.90  87.580544  64.554104 11.363  250.93  251.61  253.94
 121    32.189 55856.23482773 19.64  87.586268  64.553188  9.799  250.93  251.61  253.94
 121    32.120 55856.23482832 18.03  87.591990  64.552272  6.067  250.93  251.61  253.94
 121    29.518 55856.23482891 23.20  87.597713  64.551355 16.404  250.93  251.61  253.94
 122     9.786 55866.15046988 41.69  87.584372  64.555917 28.419  244.06  240.26  236.94
 122     9.941 55866.15047048 44.48  87.590095  64.555001 32.141  244.06  240.26  236.94
 122     9.633 55866.15047107 55.72  87.595819  64.554085  4.579  244.06  240.26  236.94
 122     9.431 55866.15047166 54.22  87.601541  64.553168   -100  244.06  240.26  236.94
 123    11.119 55876.06612254 41.36  87.585745  64.557248   -100  248.49  245.09  242.11
 123    11.344 55876.06612313 43.72  87.591468  64.556332   -100  248.49  245.09  242.11
 123    11.092 55876.06612372 44.60  87.597191  64.555416  0.854  248.49  245.09  242.11
 123    11.286 55876.06612431 46.75  87.602914  64.554499   -100  248.49  245.09  242.11
 133    10.759 55975.22255478 21.02  87.579582  64.552910 12.713  251.02  244.67  229.97
 133    10.685 55975.22255538 22.35  87.585305  64.551993 16.211  251.02  244.67  229.97
 133    10.845 55975.22255597 21.06  87.591027  64.551077 12.142  251.02  244.67  229.97
 133    11.075 55975.22255656 18.94  87.596749  64.550161  9.553  251.02  244.67  229.97
 133    10.869 55975.22255715 20.63  87.602470  64.549244 11.793  251.02  244.67  229.97
 134    10.826 55985.13819152 19.65  87.585124  64.554724 11.305  251.55  244.78  228.45
 134    10.928 55985.13819211 21.72  87.590846  64.553808 16.143  251.55  244.78  228.45
 134    10.844 55985.13819270 22.50  87.596569  64.552892 18.263  251.55  244.78  228.45
 134    10.877 55985.13819329 21.57  87.602290  64.551975 16.227  251.55  244.78  228.45
 135    10.709 55995.05382585 18.50  87.586340  64.556485  7.811  250.65  242.70  224.96
 135    10.489 55995.05382644 22.15  87.592063  64.555569 16.696  250.65  242.70  224.96
 135    10.603 55995.05382703 22.20  87.597785  64.554653 17.160  250.65  242.70  224.96
 135    10.778 55995.05382762 18.95  87.603507  64.553737 10.804  250.65  242.70  224.96
 136    10.502 56004.96947789 16.02  87.583538  64.555551  6.905  254.98  248.03  231.58
 136    10.534 56004.96947849 16.70  87.589260  64.554635  8.579  254.98  248.03  231.58
 136    10.639 56004.96947908 16.81  87.594982  64.553719  7.874  254.98  248.03  231.58
 136    10.617 56004.96947967 17.46  87.600704  64.552802 10.269  254.98  248.03  231.58
 137    10.338 56014.88512638 20.58  87.583165  64.552961 10.810 -100.00 -100.00 -100.00
 137    10.294 56014.88512697 21.23  87.588887  64.552046 12.573 -100.00 -100.00 -100.00
 137    10.265 56014.88512756 20.55  87.594608  64.551129 13.300 -100.00 -100.00 -100.00
 137    10.299 56014.88512815 20.65  87.600329  64.550213 13.670 -100.00 -100.00 -100.00
 139    10.765 56034.71641449 16.66  87.580779  64.553207  8.084  241.15  230.65  213.26
 139    10.739 56034.71641508 17.11  87.586501  64.552291  9.767  241.15  230.65  213.26
 139    10.699 56034.71641567 16.17  87.592222  64.551374  8.033  241.15  230.65  213.26
 139    10.595 56034.71641626 16.11  87.597942  64.550458  8.672  241.15  230.65  213.26
 141    12.465 56054.54769395 25.91  87.586180  64.557399 19.303  264.82  261.11  252.40
 141    12.194 56054.54769454 26.99  87.591902  64.556483 26.407  264.82  261.11  252.40
 141    12.348 56054.54769513 28.04  87.597625  64.555566 30.485  264.82  261.11  252.40
 141    12.508 56054.54769572 27.47  87.603347  64.554650 24.450  264.82  261.11  252.40
 142    19.305 56064.46332843 36.91  87.585859  64.558043 29.272 -100.00 -100.00 -100.00
 142    20.226 56064.46332902 43.57  87.591582  64.557126 24.147 -100.00 -100.00 -100.00
 142    19.345 56064.46332961 53.90  87.597305  64.556210   -100 -100.00 -100.00 -100.00
 142    19.485 56064.46333020 43.22  87.603027  64.555294 28.087 -100.00 -100.00 -100.00
 143    18.921 56074.37897212 37.24  87.584102  64.557059 17.825 -100.00 -100.00 -100.00
 143    19.319 56074.37897271 38.44  87.589825  64.556143 16.147 -100.00 -100.00 -100.00
 143    18.672 56074.37897330 44.80  87.595547  64.555226   -100 -100.00 -100.00 -100.00
 143    18.646 56074.37897389 48.60  87.601270  64.554310   -100 -100.00 -100.00 -100.00
 144    32.352 56084.29462206 23.88  87.585920  64.555561  7.983  259.29  260.74  262.14
 144    32.434 56084.29462265 22.56  87.591643  64.554645  5.538  259.29  260.74  262.14
 144    31.502 56084.29462324 22.71  87.597365  64.553729  5.888  259.29  260.74  262.14
 144    23.242 56084.29462383 29.07  87.603087  64.552812 14.956  259.29  260.74  262.14
 145    32.449 56094.21026939 15.31  87.585755  64.555445  6.843  273.21  274.09  274.06
 145    22.399 56094.21026998 20.57  87.591477  64.554529 15.538  273.21  274.09  274.06
 145    23.344 56094.21027057 21.44  87.597199  64.553612 16.610  273.21  274.09  274.06
 145    22.887 56094.21027116 24.35  87.602921  64.552696 17.418  273.21  274.09  274.06
 146    10.604 56104.12591421 28.41  87.582355  64.556584 27.962  263.59  263.88  264.42
 146    34.692 56104.12591480 18.47  87.588077  64.555668  7.537  263.59  263.88  264.42
 146    22.580 56104.12591539 22.52  87.593800  64.554752 13.714  263.59  263.88  264.42
 146    22.944 56104.12591598 22.21  87.599522  64.553835 13.510  263.59  263.88  264.42
 147    21.982 56114.04154506 15.96  87.583346  64.556143  3.732 -100.00 -100.00 -100.00
 147    22.183 56114.04154565 17.21  87.589068  64.555227  5.318 -100.00 -100.00 -100.00
 147    23.396 56114.04154624 16.36  87.594791  64.554311  4.085 -100.00 -100.00 -100.00
 147    22.736 56114.04154683 24.03  87.600512  64.553394 14.519 -100.00 -100.00 -100.00
 148    21.778 56123.95718347 16.63  87.581673  64.555459  5.677 -100.00 -100.00 -100.00
 148    22.262 56123.95718406 16.09  87.587396  64.554543  5.648 -100.00 -100.00 -100.00
 148    23.475 56123.95718465 17.03  87.593117  64.553627  6.269 -100.00 -100.00 -100.00
 148    23.517 56123.95718524 21.06  87.598839  64.552710 10.132 -100.00 -100.00 -100.00
 149     9.614 56133.87281835 40.21  87.583938  64.553594 32.646  264.29  265.76  263.87
 149     9.484 56133.87281894 42.92  87.589660  64.552678   -100  264.29  265.76  263.87
 149     9.261 56133.87281953 47.17  87.595382  64.551762 18.852  264.29  265.76  263.87
 149     9.513 56133.87282012 41.87  87.601103  64.550846   -100  264.29  265.76  263.87
 150     8.985 56143.78845765 34.79  87.583666  64.552796   -100  264.70  264.87  264.21
 150     9.072 56143.78845824 33.56  87.589388  64.551880   -100  264.70  264.87  264.21
 150     8.861 56143.78845883 32.46  87.595109  64.550964   -100  264.70  264.87  264.21
 150    21.442 56143.78845942 36.66  87.600829  64.550048   -100  264.70  264.87  264.21
 151     8.705 56153.70410782 38.71  87.581927  64.553205 25.970  262.52  262.60  262.49
 151     8.901 56153.70410841 41.99  87.587649  64.552289   -100  262.52  262.60  262.49
 151     9.071 56153.70410900 53.82  87.593370  64.551373   -100  262.52  262.60  262.49
 151     8.810 56153.70410959 57.68  87.599091  64.550456   -100  262.52  262.60  262.49
 152     8.475 56163.61975686 39.77  87.583120  64.554350 26.534 -100.00 -100.00 -100.00
 152     9.252 56163.61975745 45.02  87.588842  64.553434 31.465 -100.00 -100.00 -100.00
 152     8.853 56163.61975804 56.09  87.594564  64.552517 27.164 -100.00 -100.00 -100.00
 152     8.919 56163.61975863 49.98  87.600285  64.551601  9.810 -100.00 -100.00 -100.00
 153    25.512 56173.53540368 13.99  87.582762  64.555453  4.812  261.78  261.42  262.07
 153    25.065 56173.53540428 13.77  87.588485  64.554537  3.943  261.78  261.42  262.07
 153    22.352 56173.53540487 20.00  87.594207  64.553620 14.115  261.78  261.42  262.07
 153    22.292 56173.53540546 23.36  87.599929  64.552704 20.328  261.78  261.42  262.07
 154     9.090 56183.45104542 41.81  87.581181  64.555510 27.943 -100.00 -100.00 -100.00
 154     9.231 56183.45104601 41.83  87.586904  64.554594 25.506 -100.00 -100.00 -100.00
 154     9.073 56183.45104660 43.22  87.592627  64.553677   -100 -100.00 -100.00 -100.00
 154     9.052 56183.45104719 48.01  87.598349  64.552761   -100 -100.00 -100.00 -100.00
 155    25.544 56193.36668367 16.23  87.581090  64.554215  5.704  262.47  262.33  263.42
 155    25.611 56193.36668426 14.58  87.586813  64.553299  3.835  262.47  262.33  263.42
 155    23.956 56193.36668485 18.06  87.592535  64.552383  8.518  262.47  262.33  263.42
 155    21.800 56193.36668544 24.65  87.598257  64.551467 18.332  262.47  262.33  263.42
 156     8.592 56203.28231956 37.82  87.585008  64.552860 27.308 -100.00 -100.00 -100.00
 156     8.376 56203.28232015 50.02  87.590731  64.551944 30.668 -100.00 -100.00 -100.00
 156     8.513 56203.28232075 52.79  87.596453  64.551027   -100 -100.00 -100.00 -100.00
 156     8.358 56203.28232134 50.14  87.602175  64.550111 11.129 -100.00 -100.00 -100.00
 157     7.796 56213.19795292 23.89  87.581441  64.554775 13.437 -100.00 -100.00 -100.00
 157     8.059 56213.19795351 23.86  87.587165  64.553859 12.505 -100.00 -100.00 -100.00
 157     8.248 56213.19795410 22.94  87.592887  64.552943 11.882 -100.00 -100.00 -100.00
 157     8.350 56213.19795469 27.91  87.598610  64.552027 24.255 -100.00 -100.00 -100.00
 158     8.767 56223.11358615 41.86  87.587558  64.556687 27.586  255.08  253.06  252.92
 158     8.408 56223.11358674 47.11  87.593282  64.555771   -100  255.08  253.06  252.92
 158     8.504 56223.11358733 50.29  87.599005  64.554855   -100  255.08  253.06  252.92
 159    10.647 56233.02924209 36.77  87.584718  64.558392   -100  252.30  249.87  248.83
 159    10.635 56233.02924268 38.86  87.590441  64.557476   -100  252.30  249.87  248.83
 159    10.428 56233.02924327 41.98  87.596164  64.556559  5.893  252.30  249.87  248.83
 159    10.425 56233.02924386 37.56  87.601887  64.555643   -100  252.30  249.87  248.83
 160     9.621 56242.94489468 34.24  87.587448  64.557707   -100 -100.00 -100.00 -100.00
 160     9.557 56242.94489527 36.86  87.593171  64.556791   -100 -100.00 -100.00 -100.00
 160     9.545 56242.94489586 32.69  87.598894  64.555875 28.834 -100.00 -100.00 -100.00
 160     9.355 56242.94489645 30.80  87.604616  64.554958 24.584 -100.00 -100.00 -100.00
 161     9.216 56252.86054220 30.14  87.584588  64.556818 25.683 -100.00 -100.00 -100.00
 161     9.535 56252.86054279 27.26  87.590311  64.555902 14.698 -100.00 -100.00 -100.00
 161     9.671 56252.86054339 25.58  87.596034  64.554985 12.743 -100.00 -100.00 -100.00
 161     9.251 56252.86054398 28.39  87.601756  64.554069 21.077 -100.00 -100.00 -100.00
 162    10.198 56262.77618559 25.70  87.585972  64.555616 11.442 -100.00 -100.00 -100.00
 162    10.223 56262.77618618 24.96  87.591695  64.554699 10.112 -100.00 -100.00 -100.00
 162    10.277 56262.77618677 24.20  87.597417  64.553783  9.426 -100.00 -100.00 -100.00
 162     9.995 56262.77618737 26.39  87.603138  64.552866 15.554 -100.00 -100.00 -100.00
 164     9.897 56282.60746880 18.39  87.582783  64.556265  5.379 -100.00 -100.00 -100.00
 164     9.773 56282.60746939 20.36  87.588506  64.555348  8.828 -100.00 -100.00 -100.00
 164     9.912 56282.60746998 18.81  87.594229  64.554432  6.850 -100.00 -100.00 -100.00
 164     9.772 56282.60747057 18.88  87.599951  64.553515  7.379 -100.00 -100.00 -100.00
 165    10.621 56292.52312095 17.86  87.585716  64.555079  6.264 -100.00 -100.00 -100.00
 165    10.561 56292.52312154 17.37  87.591438  64.554163  5.045 -100.00 -100.00 -100.00
 165    10.498 56292.52312213 17.28  87.597161  64.553246  5.664 -100.00 -100.00 -100.00
 165    10.441 56292.52312272 17.77  87.602883  64.552329  7.035 -100.00 -100.00 -100.00
 166    10.703 56302.43876826 16.98  87.584300  64.553716  4.333 -100.00 -100.00 -100.00
 166    10.774 56302.43876885 17.20  87.590022  64.552800  4.859 -100.00 -100.00 -100.00
 166    10.737 56302.43876944 17.70  87.595745  64.551883  6.369 -100.00 -100.00 -100.00
 166    10.636 56302.43877003 16.97  87.601466  64.550967  4.894 -100.00 -100.00 -100.00
 167    10.697 56312.35441107 17.60  87.579775  64.552963  5.698 -100.00 -100.00 -100.00
 167    10.631 56312.35441166 18.01  87.585498  64.552047  6.601 -100.00 -100.00 -100.00
 167    10.671 56312.35441225 18.19  87.591220  64.551130  7.323 -100.00 -100.00 -100.00
 167    10.661 56312.35441284 17.23  87.596942  64.550213  6.168 -100.00 -100.00 -100.00
 167    10.518 56312.35441343 17.50  87.602664  64.549297  6.310 -100.00 -100.00 -100.00
 168    10.377 56322.27005225 15.39  87.580772  64.552579  3.992 -100.00 -100.00 -100.00
 168    10.308 56322.27005284 15.81  87.586494  64.551662  5.395 -100.00 -100.00 -100.00
 168    10.497 56322.27005343 15.06  87.592216  64.550746  4.676 -100.00 -100.00 -100.00
 168    10.493 56322.27005402 15.70  87.597938  64.549829  5.468 -100.00 -100.00 -100.00
 169    10.327 56332.18569263 16.22  87.580038  64.553845  4.932 -100.00 -100.00 -100.00
 169    10.350 56332.18569322 16.22  87.585760  64.552929  6.282 -100.00 -100.00 -100.00
 169    10.390 56332.18569381 16.99  87.591483  64.552012  7.236 -100.00 -100.00 -100.00
 169    10.322 56332.18569440 17.60  87.597204  64.551096  8.388 -100.00 -100.00 -100.00
 169    10.424 56332.18569499 15.84  87.602926  64.550179  6.477 -100.00 -100.00 -100.00
 170     9.972 56342.10133282 15.20  87.581756  64.554910  4.412 -100.00 -100.00 -100.00
 170    10.006 56342.10133341 15.07  87.587479  64.553994  5.179 -100.00 -100.00 -100.00
 170    10.135 56342.10133400 15.04  87.593201  64.553078  4.849 -100.00 -100.00 -100.00
 170    10.028 56342.10133459 14.92  87.598923  64.552161  5.238 -100.00 -100.00 -100.00
 171    10.010 56352.01697098 14.11  87.585600  64.555098  5.435 -100.00 -100.00 -100.00
 171     9.990 56352.01697157 13.27  87.591322  64.554182  4.054 -100.00 -100.00 -100.00
 171    10.033 56352.01697216 12.99  87.597044  64.553265  3.324 -100.00 -100.00 -100.00
 171     9.892 56352.01697275 13.77  87.602766  64.552349  5.665 -100.00 -100.00 -100.00
 172     9.990 56361.93261125 13.96  87.583386  64.554942  3.632  247.37  237.28  217.72
 172     9.951 56361.93261184 14.55  87.589108  64.554026  5.149  247.37  237.28  217.72
 172    10.019 56361.93261243 14.23  87.594830  64.553110  4.510  247.37  237.28  217.72
 172     9.945 56361.93261302 13.87  87.600551  64.552194  4.668  247.37  237.28  217.72
 173     9.988 56371.84826077 14.29  87.583782  64.553654  3.823  245.94  235.25  214.94
 173    10.051 56371.84826136 13.89  87.589504  64.552738  3.763  245.94  235.25  214.94
 173    10.093 56371.84826195 13.84  87.595225  64.551822  4.323  245.94  235.25  214.94
 173    10.032 56371.84826254 13.15  87.600946  64.550905  3.407  245.94  235.25  214.94
 174     9.886 56381.76390749 14.28  87.583894  64.553423  4.134  254.41  246.41  230.81
 174     9.911 56381.76390808 14.01  87.589616  64.552507  4.248  254.41  246.41  230.81
 174     9.958 56381.76390867 14.39  87.595337  64.551591  5.438  254.41  246.41  230.81
 174     9.873 56381.76390926 13.49  87.601058  64.550674  3.900  254.41  246.41  230.81
 175    18.082 56391.67955198 13.17  87.584742  64.554507  2.774 -100.00 -100.00 -100.00
 175    18.665 56391.67955257 13.04  87.590463  64.553591  3.383 -100.00 -100.00 -100.00
 175    20.945 56391.67955316 12.59  87.596185  64.552674  2.604 -100.00 -100.00 -100.00
 175    25.814 56391.67955375 12.32  87.601906  64.551757  2.633 -100.00 -100.00 -100.00
 176    26.498 56401.59519472  8.28  87.584749  64.556107  3.723 -100.00 -100.00 -100.00
 176    26.561 56401.59519531  7.99  87.590471  64.555191  3.147 -100.00 -100.00 -100.00
 176    24.078 56401.59519590  8.37  87.596193  64.554274  4.022 -100.00 -100.00 -100.00
 176    26.297 56401.59519649  7.56  87.601915  64.553358  2.851 -100.00 -100.00 -100.00
 177    10.627 56411.51083474 39.98  87.584770  64.557210   -100 -100.00 -100.00 -100.00
 177    10.351 56411.51083533 40.76  87.590493  64.556294   -100 -100.00 -100.00 -100.00
 177    10.488 56411.51083592 43.82  87.596215  64.555377   -100 -100.00 -100.00 -100.00
 177    10.503 56411.51083651 42.63  87.601938  64.554461   -100 -100.00 -100.00 -100.00
 178    31.673 56421.42647012 27.01  87.587064  64.557184 15.635  254.02  256.05  258.43
 178    20.953 56421.42647071 25.79  87.592787  64.556268 12.995  254.02  256.05  258.43
 178    22.505 56421.42647130 26.10  87.598509  64.555352 14.181  254.02  256.05  258.43
 178    22.829 56421.42647189 28.39  87.604231  64.554435 17.276  254.02  256.05  258.43
 179    34.858 56431.34210946 22.64  87.587582  64.556813  6.761  244.30  244.42  249.12
 179    34.877 56431.34211005 21.67  87.593305  64.555897  4.811  244.30  244.42  249.12
 179    30.706 56431.34211065 27.65  87.599028  64.554980 13.534  244.30  244.42  249.12
 180    33.041 56441.25776190 20.14  87.582904  64.556611  4.258 -100.00 -100.00 -100.00
 180    32.075 56441.25776249 21.94  87.588627  64.555695  8.024 -100.00 -100.00 -100.00
 180    31.494 56441.25776308 20.51  87.594349  64.554778  5.884 -100.00 -100.00 -100.00
 180    22.654 56441.25776367 26.47  87.600071  64.553862 15.843 -100.00 -100.00 -100.00
 181    16.037 56451.17341233 32.74  87.582917  64.556076  9.082 -100.00 -100.00 -100.00
 181    16.057 56451.17341292 35.19  87.588639  64.555159 13.954 -100.00 -100.00 -100.00
 181    16.195 56451.17341351 31.72  87.594362  64.554243  8.837 -100.00 -100.00 -100.00
 181    16.051 56451.17341410 33.48  87.600083  64.553326 11.882 -100.00 -100.00 -100.00
 182    32.254 56461.08906036 18.59  87.582120  64.555536  8.557  265.89  267.50  266.99
 182    31.961 56461.08906095 18.85  87.587842  64.554620  8.291  265.89  267.50  266.99
 182    30.462 56461.08906154 18.05  87.593564  64.553703  6.767  265.89  267.50  266.99
 182    22.708 56461.08906214 23.86  87.599286  64.552786 14.066  265.89  267.50  266.99
 183    11.391 56471.00470525 22.96  87.582357  64.554287  6.447  263.35  263.89  263.40
 183    11.615 56471.00470584 24.71  87.588079  64.553371 10.531  263.35  263.89  263.40
 183    11.800 56471.00470643 27.11  87.593801  64.552455 13.775  263.35  263.89  263.40
 183    12.021 56471.00470702 32.25  87.599522  64.551538 23.382  263.35  263.89  263.40
 184    10.811 56480.92034639 19.09  87.581660  64.553395  4.734 -100.00 -100.00 -100.00
 184    21.693 56480.92034698 19.20  87.587381  64.552478  5.577 -100.00 -100.00 -100.00
 184    21.921 56480.92034758 21.50  87.593103  64.551562  8.475 -100.00 -100.00 -100.00
 184    21.819 56480.92034817 27.21  87.598823  64.550646 17.345 -100.00 -100.00 -100.00
 185    10.870 56490.83598388 41.88  87.584082  64.552811 22.890  266.75  268.73  266.41
 185    10.487 56490.83598447 44.82  87.589804  64.551895   -100  266.75  268.73  266.41
 185    10.522 56490.83598506 48.21  87.595525  64.550978   -100  266.75  268.73  266.41
 185    10.519 56490.83598565 51.29  87.601245  64.550062  5.956  266.75  268.73  266.41
 187    10.321 56510.66725145 40.98  87.583484  64.555358 16.558 -100.00 -100.00 -100.00
 187     9.851 56510.66725204 43.82  87.589207  64.554442 31.639 -100.00 -100.00 -100.00
 187     9.692 56510.66725263 48.95  87.594929  64.553526   -100 -100.00 -100.00 -100.00
 187     9.531 56510.66725322 50.82  87.600650  64.552610  0.471 -100.00 -100.00 -100.00
 188     6.379 56520.58289521 23.22  87.583493  64.555919 10.496 -100.00 -100.00 -100.00
 188     5.448 56520.58289580 23.89  87.589216  64.555003 12.797 -100.00 -100.00 -100.00
 188    21.564 56520.58289639 20.46  87.594938  64.554087  6.612 -100.00 -100.00 -100.00
 188    21.911 56520.58289698 20.63  87.600660  64.553170  6.566 -100.00 -100.00 -100.00
 189     9.587 56530.49854833 43.75  87.581761  64.555529   -100 -100.00 -100.00 -100.00
 189     9.380 56530.49854892 40.00  87.587484  64.554613 27.291 -100.00 -100.00 -100.00
 189     9.718 56530.49854951 39.65  87.593206  64.553697 25.872 -100.00 -100.00 -100.00
 189     9.903 56530.49855010 46.35  87.598929  64.552780   -100 -100.00 -100.00 -100.00
 191    10.360 56550.32984321 40.35  87.584929  64.553706   -100 -100.00 -100.00 -100.00
 191    10.260 56550.32984380 38.53  87.590652  64.552789 26.390 -100.00 -100.00 -100.00
 191    10.422 56550.32984439 42.09  87.596374  64.551873   -100 -100.00 -100.00 -100.00
 191    10.608 56550.32984498 43.74  87.602096  64.550956   -100 -100.00 -100.00 -100.00
 192    32.572 56560.24548571 15.00  87.582339  64.554827  5.669  253.33  251.87  254.05
 192    32.382 56560.24548630 16.84  87.588062  64.553911 10.519  253.33  251.87  254.05
 192    31.426 56560.24548689 18.51  87.593785  64.552994 12.094  253.33  251.87  254.05
 192    29.920 56560.24548748 17.96  87.599507  64.552077  9.826  253.33  251.87  254.05
 193    10.107 56570.16112740 29.78  87.581845  64.556374 21.246  256.01  254.05  255.02
 193    10.022 56570.16112799 21.81  87.587568  64.555458  6.277  256.01  254.05  255.02
 193     9.922 56570.16112858 20.93  87.593291  64.554541  4.287  256.01  254.05  255.02
 193    21.579 56570.16112917 20.19  87.599013  64.553624  3.609  256.01  254.05  255.02
 194    21.659 56580.07676792 15.45  87.583290  64.557715  4.162  254.79  256.26  257.64
 194    21.118 56580.07676851 15.59  87.589014  64.556799  4.537  254.79  256.26  257.64
 194    21.261 56580.07676910 15.28  87.594737  64.555883  5.092  254.79  256.26  257.64
 194    21.486 56580.07676969 13.96  87.600459  64.554966  4.142  254.79  256.26  257.64
 195     9.278 56589.99240477 42.26  87.587082  64.557743   -100 -100.00 -100.00 -100.00
 195     9.425 56589.99240536 44.80  87.592805  64.556827   -100 -100.00 -100.00 -100.00
 195     9.209 56589.99240595 46.63  87.598528  64.555911 20.153 -100.00 -100.00 -100.00
 195     9.408 56589.99240654 45.82  87.604251  64.554994   -100 -100.00 -100.00 -100.00
 196     9.951 56599.90805058 41.03  87.583153  64.557507   -100 -100.00 -100.00 -100.00
 196    10.179 56599.90805117 43.02  87.588876  64.556591   -100 -100.00 -100.00 -100.00
 196     9.877 56599.90805176 47.13  87.594599  64.555675   -100 -100.00 -100.00 -100.00
 196     9.721 56599.90805235 49.75  87.600322  64.554758 13.066 -100.00 -100.00 -100.00
 197    12.458 56609.82370156 24.77  87.586644  64.555682  9.919 -100.00 -100.00 -100.00
 197    12.600 56609.82370215 23.80  87.592366  64.554766  8.608 -100.00 -100.00 -100.00
 197    12.404 56609.82370274 27.90  87.598089  64.553849 18.188 -100.00 -100.00 -100.00
 197    12.607 56609.82370333 24.46  87.603810  64.552933 10.359 -100.00 -100.00 -100.00
 198    12.032 56619.73934695 19.60  87.583993  64.556165  5.109 -100.00 -100.00 -100.00
 198    12.036 56619.73934754 20.69  87.589715  64.555249  7.250 -100.00 -100.00 -100.00
 198    12.201 56619.73934813 20.47  87.595438  64.554333  7.452 -100.00 -100.00 -100.00
 198    12.265 56619.73934872 19.75  87.601160  64.553416  6.015 -100.00 -100.00 -100.00
 199    11.348 56629.65498974 18.16  87.587273  64.556078  5.206 -100.00 -100.00 -100.00
 199    11.559 56629.65499033 17.40  87.592996  64.555161  4.637 -100.00 -100.00 -100.00
 199    11.527 56629.65499092 18.83  87.598718  64.554245  6.638 -100.00 -100.00 -100.00
 200    11.509 56639.57062842 18.13  87.582379  64.556662  5.648  244.45  241.05  235.59
 200    11.566 56639.57062901 19.45  87.588102  64.555746  8.092  244.45  241.05  235.59
 200    11.584 56639.57062960 18.89  87.593825  64.554829  7.835  244.45  241.05  235.59
 200    11.657 56639.57063019 18.61  87.599548  64.553913  7.675  244.45  241.05  235.59
 201    10.805 56649.48627402 16.02  87.583771  64.554712  4.970  245.76  242.29  236.13
 201    10.822 56649.48627461 16.71  87.589494  64.553795  7.072  245.76  242.29  236.13
 201    10.716 56649.48627520 17.86  87.595216  64.552879  8.387  245.76  242.29  236.13
 201    10.845 56649.48627579 16.77  87.600938  64.551962  7.254  245.76  242.29  236.13
 202    10.365 56659.40192521 18.12  87.583289  64.552529  9.685 -100.00 -100.00 -100.00
 202    10.340 56659.40192580 20.03  87.589012  64.551612 13.406 -100.00 -100.00 -100.00
 202    10.523 56659.40192639 16.57  87.594734  64.550696  8.170 -100.00 -100.00 -100.00
 202    10.660 56659.40192698 17.04  87.600456  64.549779  9.582 -100.00 -100.00 -100.00
 203    10.658 56669.31757250 13.78  87.583121  64.551945  4.992 -100.00 -100.00 -100.00
 203    10.477 56669.31757309 17.43  87.588844  64.551029 10.605 -100.00 -100.00 -100.00
 203    10.608 56669.31757368 17.53  87.594566  64.550113 11.415 -100.00 -100.00 -100.00
 203    10.615 56669.31757427 16.36  87.600288  64.549196  9.465 -100.00 -100.00 -100.00
 205    10.814 56689.14886103 14.69  87.586474  64.554782  6.344 -100.00 -100.00 -100.00
 205    10.843 56689.14886162 15.19  87.592197  64.553865  7.425 -100.00 -100.00 -100.00
 205    10.769 56689.14886221 16.80  87.597919  64.552948 10.119 -100.00 -100.00 -100.00
 205    10.739 56689.14886280 16.78  87.603641  64.552032  9.337 -100.00 -100.00 -100.00
 206    10.072 56699.06450134 17.71  87.582546  64.555949 11.355 -100.00 -100.00 -100.00
 206    10.215 56699.06450193 16.04  87.588269  64.555033  9.266 -100.00 -100.00 -100.00
 206     9.996 56699.06450252 18.92  87.593991  64.554116 14.312 -100.00 -100.00 -100.00
 206    10.124 56699.06450311 18.18  87.599713  64.553200 12.373 -100.00 -100.00 -100.00
 207    10.349 56708.98013747 17.20  87.582106  64.555242  8.156 -100.00 -100.00 -100.00
 207    10.527 56708.98013806 17.11  87.587828  64.554326  8.253 -100.00 -100.00 -100.00
 207    10.513 56708.98013865 17.44  87.593551  64.553409  9.463 -100.00 -100.00 -100.00
 207    10.318 56708.98013924 19.05  87.599272  64.552493 13.096 -100.00 -100.00 -100.00
 208    10.284 56718.89577691 11.92  87.581390  64.554327  3.274 -100.00 -100.00 -100.00
 208    10.370 56718.89577750 11.71  87.587112  64.553411  3.679 -100.00 -100.00 -100.00
 208    10.382 56718.89577809 11.54  87.592834  64.552495  3.731 -100.00 -100.00 -100.00
 208    10.368 56718.89577868 11.02  87.598555  64.551579  3.867 -100.00 -100.00 -100.00
 209    10.599 56728.81142979 12.30  87.584987  64.553435 11.713 -100.00 -100.00 -100.00
 209    10.439 56728.81143038 13.13  87.590709  64.552519 13.530 -100.00 -100.00 -100.00
 209    10.536 56728.81143097 12.24  87.596430  64.551603 12.061 -100.00 -100.00 -100.00
 209    10.520 56728.81143156 13.25  87.602151  64.550686 15.461 -100.00 -100.00 -100.00
 211    17.352 56748.64272255 10.01  87.583984  64.557122  3.592 -100.00 -100.00 -100.00
 211    22.548 56748.64272314  9.60  87.589706  64.556206  3.288 -100.00 -100.00 -100.00
 211    22.509 56748.64272373 10.15  87.595428  64.555289  4.579 -100.00 -100.00 -100.00
 211    26.814 56748.64272432  9.47  87.601150  64.554373  3.288 -100.00 -100.00 -100.00
 212    10.709 56758.55836236 13.48  87.582900  64.558288  5.379 -100.00 -100.00 -100.00
 212    10.627 56758.55836295 15.66  87.588623  64.557372 10.111 -100.00 -100.00 -100.00
 212    10.709 56758.55836354 13.39  87.594346  64.556455  6.658 -100.00 -100.00 -100.00
 212    10.570 56758.55836413 15.55  87.600068  64.555539 10.403 -100.00 -100.00 -100.00
 213    11.909 56768.47399668 24.00  87.587050  64.557449 21.534 -100.00 -100.00 -100.00
 213    11.729 56768.47399727 29.17  87.592773  64.556532   -100 -100.00 -100.00 -100.00
 213    11.900 56768.47399786 27.66  87.598496  64.555616   -100 -100.00 -100.00 -100.00
 213    12.112 56768.47399845 25.50  87.604218  64.554699 26.135 -100.00 -100.00 -100.00
 214    14.544 56778.38964399 30.28  87.587180  64.555847   -100 -100.00 -100.00 -100.00
 214    14.643 56778.38964458 28.76  87.592903  64.554931   -100 -100.00 -100.00 -100.00
 214    14.732 56778.38964517 28.10  87.598625  64.554015 29.828 -100.00 -100.00 -100.00
 215    20.075 56788.30529967 29.88  87.584469  64.555081 20.115 -100.00 -100.00 -100.00
 215    20.185 56788.30530026 33.49  87.590191  64.554165   -100 -100.00 -100.00 -100.00
 215    20.422 56788.30530085 34.25  87.595913  64.553248   -100 -100.00 -100.00 -100.00
 215    21.671 56788.30530144 35.35  87.601635  64.552332 15.513 -100.00 -100.00 -100.00
 216    45.036 56798.22095176 34.23  87.581020  64.555507 17.324 -100.00 -100.00 -100.00
 216    44.351 56798.22095235 36.30  87.586742  64.554591 14.755 -100.00 -100.00 -100.00
 216    21.840 56798.22095294 49.27  87.592464  64.553674   -100 -100.00 -100.00 -100.00
 216    21.563 56798.22095353 53.19  87.598186  64.552758  7.523 -100.00 -100.00 -100.00
 217    34.969 56808.13659885 23.22  87.584992  64.555430  8.381 -100.00 -100.00 -100.00
 217    34.641 56808.13659944 22.10  87.590714  64.554513  6.726 -100.00 -100.00 -100.00
 217    31.219 56808.13660003 25.01  87.596436  64.553597 13.465 -100.00 -100.00 -100.00
 217    22.792 56808.13660062 29.30  87.602157  64.552679 21.279 -100.00 -100.00 -100.00
 219    18.082 56827.96787680 45.17  87.581141  64.554480 21.639 -100.00 -100.00 -100.00
 219    17.773 56827.96787739 46.33  87.586863  64.553564 27.397 -100.00 -100.00 -100.00
 219    17.872 56827.96787798 52.13  87.592585  64.552648   -100 -100.00 -100.00 -100.00
 219    17.608 56827.96787857 54.57  87.598306  64.551731 23.750 -100.00 -100.00 -100.00
 220    34.204 56837.88351111 14.75  87.582260  64.552833  6.983 -100.00 -100.00 -100.00
 220    39.104 56837.88351170 14.00  87.587981  64.551917  6.060 -100.00 -100.00 -100.00
 220    31.249 56837.88351229 18.36  87.593702  64.551001 12.024 -100.00 -100.00 -100.00
 220    22.216 56837.88351288 22.87  87.599423  64.550084 18.692 -100.00 -100.00 -100.00
 221     3.344 56847.79914212 26.67  87.580625  64.553507 14.532  258.37  259.21  258.81
 221    10.481 56847.79914271 27.11  87.586346  64.552592 14.740  258.37  259.21  258.81
 221     0.700 56847.79914330 27.20  87.592068  64.551676 17.316  258.37  259.21  258.81
 221    22.158 56847.79914389 24.64  87.597789  64.550759  9.637  258.37  259.21  258.81
 222    10.480 56857.71479524 40.02  87.585404  64.553784 26.174  268.44  270.77  267.84
 222    10.260 56857.71479583 45.04  87.591126  64.552868   -100  268.44  270.77  267.84
 222    10.119 56857.71479642 47.63  87.596847  64.551952 20.950  268.44  270.77  267.84
 222    10.338 56857.71479701 49.16  87.602568  64.551035   -100  268.44  270.77  267.84
 223    10.180 56867.63044842 39.15  87.584918  64.555555 25.098  264.10  264.82  263.30
 223    10.719 56867.63044902 43.12  87.590640  64.554639 24.017  264.10  264.82  263.30
 223    10.036 56867.63044961 53.56  87.596362  64.553722   -100  264.10  264.82  263.30
 223    10.291 56867.63045020 52.53  87.602083  64.552805   -100  264.10  264.82  263.30
 224    34.484 56877.54609982 14.57  87.582750  64.556101  4.817  261.53  261.05  261.16
 224    34.489 56877.54610041 14.97  87.588473  64.555185  5.653  261.53  261.05  261.16
 224    22.368 56877.54610100 20.70  87.594195  64.554269 15.338  261.53  261.05  261.16
 224    23.449 56877.54610159 22.35  87.599917  64.553352 15.513  261.53  261.05  261.16
 225    10.298 56887.46174815 20.32  87.580552  64.555155  6.492 -100.00 -100.00 -100.00
 225    10.443 56887.46174874 20.40  87.586275  64.554239  6.615 -100.00 -100.00 -100.00
 225    22.194 56887.46174933 18.14  87.591997  64.553323  4.376 -100.00 -100.00 -100.00
 225    23.179 56887.46174992 20.23  87.597719  64.552406  6.422 -100.00 -100.00 -100.00
 225    21.990 56887.46175051 26.96  87.603440  64.551489 15.689 -100.00 -100.00 -100.00
 226    32.376 56897.37739438 19.83  87.583774  64.552885 12.291 -100.00 -100.00 -100.00
 226    32.677 56897.37739497 16.74  87.589496  64.551968  6.382 -100.00 -100.00 -100.00
 226    30.093 56897.37739556 23.04  87.595218  64.551052 19.138 -100.00 -100.00 -100.00
 226    22.705 56897.37739615 26.31  87.600939  64.550135 15.437 -100.00 -100.00 -100.00
 227    34.535 56907.29303719 21.88  87.581081  64.553306 12.320  259.95  260.12  261.16
 227    32.199 56907.29303778 21.64  87.586804  64.552390 13.182  259.95  260.12  261.16
 227    32.975 56907.29303837 19.82  87.592526  64.551473  8.937  259.95  260.12  261.16
 227    22.130 56907.29303896 25.70  87.598247  64.550556 20.188  259.95  260.12  261.16
 228    32.350 56917.20867829 24.89  87.583373  64.554989 17.671  254.37  254.42  256.11
 228    32.263 56917.20867888 22.08  87.589096  64.554073 11.861  254.37  254.42  256.11
 228    31.408 56917.20867947 22.93  87.594818  64.553156 11.887  254.37  254.42  256.11
 228    22.016 56917.20868006 27.83  87.600540  64.552239 24.643  254.37  254.42  256.11
 229    10.688 56927.12431739 33.33  87.585544  64.557357 12.126  251.59  250.72  252.11
 229    10.801 56927.12431798 32.33  87.591267  64.556441 10.840  251.59  250.72  252.11
 229    10.864 56927.12431857 31.35  87.596989  64.555524  8.559  251.59  250.72  252.11
 229    10.816 56927.12431916 34.70  87.602712  64.554607 16.045  251.59  250.72  252.11
 230    10.167 56937.03995253 29.65  87.584218  64.559033 11.377  251.21  250.83  253.33
 230    10.129 56937.03995312 29.06  87.589941  64.558117 10.461  251.21  250.83  253.33
 230    10.232 56937.03995371 29.03  87.595664  64.557200 10.292  251.21  250.83  253.33
 230    10.572 56937.03995430 36.33  87.601387  64.556284 27.315  251.21  250.83  253.33
 231     9.692 56946.95558337 22.33  87.587477  64.558136  6.968  250.80  248.08  248.94
 231     9.828 56946.95558396 23.61  87.593200  64.557220  8.681  250.80  248.08  248.94
 231     9.964 56946.95558455 21.84  87.598923  64.556304  7.391  250.80  248.08  248.94
 231     9.976 56946.95558514 24.16  87.604645  64.555387 11.181  250.80  248.08  248.94
 232     9.613 56956.87123747 40.28  87.584653  64.555932 28.036  254.02  251.93  251.26
 232     9.362 56956.87123806 43.44  87.590376  64.555015   -100  254.02  251.93  251.26
 232     9.528 56956.87123865 46.68  87.596098  64.554099   -100  254.02  251.93  251.26
 232     9.221 56956.87123924 48.66  87.601820  64.553183 30.330  254.02  251.93  251.26
 233    10.817 56966.78688629 16.96  87.585353  64.554330  5.206  260.72  260.02  258.96
 233    10.943 56966.78688688 16.46  87.591075  64.553414  4.410  260.72  260.02  258.96
 233    10.979 56966.78688747 16.14  87.596796  64.552498  4.054  260.72  260.02  258.96
 233    10.719 56966.78688806 18.06  87.602518  64.551581  7.534  260.72  260.02  258.96
 234    11.141 56976.70253041 15.75  87.582734  64.555375  4.867  257.99  256.25  254.04
 234    11.312 56976.70253100 15.33  87.588456  64.554459  4.401  257.99  256.25  254.04
 234    11.250 56976.70253159 16.71  87.594178  64.553542  7.240  257.99  256.25  254.04
 234    11.293 56976.70253218 15.66  87.599900  64.552626  5.512  257.99  256.25  254.04
 235    10.624 56986.61817037 13.61  87.584391  64.556576  5.107 -100.00 -100.00 -100.00
 235    10.893 56986.61817096 11.87  87.590114  64.555660  3.432 -100.00 -100.00 -100.00
 235    10.918 56986.61817155 11.59  87.595837  64.554743  3.673 -100.00 -100.00 -100.00
 235    11.151 56986.61817214 11.77  87.601558  64.553827  4.422 -100.00 -100.00 -100.00
 236    10.619 56996.53380435 11.10  87.583521  64.557190  3.584  254.26  251.16  245.46
 236    10.667 56996.53380494 10.71  87.589244  64.556274  3.344  254.26  251.16  245.46
 236    10.924 56996.53380553 10.03  87.594967  64.555358  2.951  254.26  251.16  245.46
 236    20.882 56996.53380612  9.81  87.600690  64.554441  2.890  254.26  251.16  245.46
 237    10.682 57006.44944939  9.76  87.586415  64.554891  3.170 -100.00 -100.00 -100.00
 237    10.731 57006.44944998  9.66  87.592138  64.553975  3.717 -100.00 -100.00 -100.00
 237    10.572 57006.44945057 11.56  87.597861  64.553059  6.441 -100.00 -100.00 -100.00
 237    21.422 57006.44945116  9.02  87.603583  64.552142  2.827 -100.00 -100.00 -100.00
 238    10.942 57016.36510335 17.64  87.581485  64.552929  9.991 -100.00 -100.00 -100.00
 238    11.240 57016.36510394 17.58  87.587208  64.552013  9.728 -100.00 -100.00 -100.00
 238    11.363 57016.36510453 16.09  87.592930  64.551097  8.501 -100.00 -100.00 -100.00
 238    11.417 57016.36510512 17.05  87.598652  64.550180  9.363 -100.00 -100.00 -100.00
 239    27.556 57026.28075380 11.12  87.580770  64.552222  3.812 -100.00 -100.00 -100.00
 239    11.644 57026.28075439 13.04  87.586493  64.551306  6.070 -100.00 -100.00 -100.00
 239    23.387 57026.28075498 11.58  87.592215  64.550389  5.008 -100.00 -100.00 -100.00
 239    24.793 57026.28075557 10.69  87.597937  64.549473  4.223 -100.00 -100.00 -100.00
 240    26.752 57036.19640211  9.54  87.579790  64.554114  2.522 -100.00 -100.00 -100.00
 240    24.627 57036.19640270  9.73  87.585513  64.553198  2.968 -100.00 -100.00 -100.00
 240    25.010 57036.19640329  9.47  87.591235  64.552282  3.307 -100.00 -100.00 -100.00
 240    25.672 57036.19640388  9.39  87.596957  64.551365  3.575 -100.00 -100.00 -100.00
 240    27.339 57036.19640447  9.00  87.602678  64.550448  3.326 -100.00 -100.00 -100.00
 241    11.398 57046.11204841 11.26  87.584499  64.555523  4.927 -100.00 -100.00 -100.00
 241    11.240 57046.11204900 11.85  87.590221  64.554606  5.465 -100.00 -100.00 -100.00
 241    11.062 57046.11204959 12.53  87.595944  64.553690  6.466 -100.00 -100.00 -100.00
 241    11.581 57046.11205018 11.33  87.601666  64.552773  5.891 -100.00 -100.00 -100.00
 242    11.374 57056.02769076  9.70  87.582873  64.556708  3.314 -100.00 -100.00 -100.00
 242    11.410 57056.02769135 10.08  87.588595  64.555791  4.116 -100.00 -100.00 -100.00
 242    11.274 57056.02769194 10.27  87.594318  64.554875  4.987 -100.00 -100.00 -100.00
 242    20.986 57056.02769253  9.17  87.600040  64.553958  3.524 -100.00 -100.00 -100.00
 243    10.817 57065.94332846 13.43  87.585139  64.555361  5.877 -100.00 -100.00 -100.00
 243    10.896 57065.94332905 14.17  87.590862  64.554445  7.404 -100.00 -100.00 -100.00
 243    10.761 57065.94332964 16.22  87.596584  64.553529 10.455 -100.00 -100.00 -100.00
 243    11.247 57065.94333023 13.18  87.602305  64.552612  5.669 -100.00 -100.00 -100.00
 244    10.879 57075.85896097 13.06  87.581260  64.555239  7.141  255.55  250.12  238.30
 244    10.943 57075.85896156 13.24  87.586982  64.554324  7.557  255.55  250.12  238.30
 244    10.794 57075.85896215 15.88  87.592704  64.553408 12.107  255.55  250.12  238.30
 244    11.148 57075.85896275 12.58  87.598425  64.552491  7.313  255.55  250.12  238.30
 245    10.890 57085.77459105 17.43  87.585070  64.555430  9.381 -100.00 -100.00 -100.00
 245    10.953 57085.77459164 17.61  87.590793  64.554514  9.238 -100.00 -100.00 -100.00
 245    10.752 57085.77459223 19.56  87.596514  64.553598 14.512 -100.00 -100.00 -100.00
 245    10.866 57085.77459282 19.14  87.602236  64.552681 13.257 -100.00 -100.00 -100.00
 246    10.806 57095.69024759 16.62  87.584043  64.556960  8.968 -100.00 -100.00 -100.00
 246    10.928 57095.69024818 16.45  87.589766  64.556044  9.530 -100.00 -100.00 -100.00
 246    10.870 57095.69024877 17.68  87.595488  64.555127 12.576 -100.00 -100.00 -100.00
 246    10.880 57095.69024936 16.68  87.601210  64.554211 10.748 -100.00 -100.00 -100.00
 247    11.358 57105.60590375 11.71  87.584220  64.558357  4.954 -100.00 -100.00 -100.00
 247    11.436 57105.60590434 12.29  87.589943  64.557441  5.222 -100.00 -100.00 -100.00
 247    11.577 57105.60590493 11.26  87.595665  64.556524  4.786 -100.00 -100.00 -100.00
 247    11.425 57105.60590552 12.16  87.601387  64.555607  5.692 -100.00 -100.00 -100.00
 248    11.358 57115.52155578 12.84  87.587623  64.558186  6.252 -100.00 -100.00 -100.00
 248    11.423 57115.52155637 12.31  87.593346  64.557270  5.899 -100.00 -100.00 -100.00
 248    11.410 57115.52155696 13.83  87.599068  64.556353  8.128 -100.00 -100.00 -100.00
 248    11.364 57115.52155756 11.74  87.604790  64.555436  5.375 -100.00 -100.00 -100.00
 250    11.847 57135.35284142 14.75  87.585029  64.555380  8.070 -100.00 -100.00 -100.00
 250    11.730 57135.35284201 16.74  87.590752  64.554464 12.641 -100.00 -100.00 -100.00
 250    11.817 57135.35284260 22.33  87.596474  64.553547 28.095 -100.00 -100.00 -100.00
 250    12.031 57135.35284319 21.16  87.602196  64.552630 19.377 -100.00 -100.00 -100.00
