# NaN NaN NaN ;Mean Elev.(m), Avg Gradient(m/km), RMS Gradient(m/km) - SRTM1     
#   -9.342  -2.050  10.832 ;Mean Elev.(m), Avg Gradient(m/km), RMS Gradient(m/km) - ASTER GDEM
#   10.130  -0.549   6.068 ;Mean Elev.(m), Avg Gradient(m/km), RMS Gradient(m/km) - GMTED2010 
   1  87.592752  64.554000    28.987    27.769  4 54666.35770747 18.964
   2  87.594290  64.554622    10.707    10.731  4 54676.27335211 51.846
   3  87.593306  64.556608   -22.483   -23.429  4 54686.18899508 24.426
   4  87.595937  64.557678    25.972    22.952  4 54696.10463683 23.162
   5  87.594658  64.557460     8.691    10.285  3 54706.02027632 23.081
   6  87.593821  64.554601    17.785    22.541  4 54715.93592887 22.468
   7  87.590878  64.552038     1.767     1.762  4 54725.85157871 10.199
   8  87.591866  64.550677    29.408    31.807  4 54735.76722692 25.996
   9  87.588916  64.552293    29.551    31.901  4 54745.68287366 26.072
  10  87.594093  64.553010    13.382    10.596  4 54755.59852075 26.315
  11  87.590981  64.553532    21.443    21.625  4 54765.51416570 16.410
  12  87.592967  64.551316     9.823     9.815  4 54775.42980838 45.695
  13  87.590742  64.549827    11.150    11.138  5 54785.34544816 39.673
  14  87.591250  64.549998    11.413    11.417  4 54795.26108661 34.008
  17  87.595458  64.555096    11.270    11.268  4 54825.00800782 18.320
  18  87.591755  64.554262    11.436    11.453  4 54834.92364726 17.949
  19  87.592197  64.553406    11.888    11.856  4 54844.83929720 16.051
  20  87.592730  64.553836    12.068    12.054  4 54854.75494619 13.872
  21  87.593161  64.555317    12.210    12.173  3 54864.67059490 12.603
  22  87.593494  64.555853    15.380    12.091  4 54874.58624335 12.213
  23  87.591054  64.555330    11.902    11.885  4 54884.50188899 11.297
  24  87.594302  64.552274    11.755    11.760  4 54894.41753192 11.068
  25  87.590896  64.550512    19.174    21.123  4 54904.33317152 10.430
  26  87.588841  64.550562    14.749    11.799  4 54914.24880999  9.959
  27  87.593053  64.551400    22.146    21.646  4 54924.16444846 11.417
  28  87.593091  64.553263    19.282    19.068  4 54934.08008570  9.787
  29  87.594207  64.553736    12.460    12.351  4 54943.99572121 22.338
  30  87.589707  64.553474    13.338    13.360  4 54953.91135409 27.499
  31  87.590998  64.551218    16.972    16.928  5 54963.82699951 37.802
  32  87.591905  64.550637    24.110    24.101  4 54973.74264800 34.696
  33  87.589122  64.552697    34.547    34.607  4 54983.65829523 25.996
  34  87.593527  64.554102    29.856    31.983  4 54993.57394296 27.478
  35  87.592688  64.555059    27.556    27.740  4 55003.48958915 24.146
  36  87.592693  64.554590    32.976    33.702  3 55013.40523354 21.739
  37  87.589579  64.554363    12.424    12.462  4 55023.32087625 47.131
  38  87.591243  64.554593    10.693    10.701  4 55033.23651870 46.265
  39  87.594103  64.555413    15.881    15.902  4 55043.15216054 28.480
  40  87.591484  64.556765    13.153    10.147  4 55053.06780026 33.035
  41  87.594066  64.555534    10.562    10.585  4 55062.98343844 49.595
  42  87.593686  64.553209    15.841    15.804  4 55072.89908324 29.932
  43  87.591367  64.551241    15.754    15.756  4 55082.81473147 25.901
  44  87.592996  64.550423    10.177    10.190  4 55092.73037834 52.493
  45  87.588926  64.551910    10.288    10.269  4 55102.64602424 48.661
  46  87.589551  64.552948    29.859    32.041  4 55112.56167029 22.663
  47  87.592832  64.552440    15.831    15.854  4 55122.47731436 25.395
  48  87.592628  64.551398     9.772     9.777  4 55132.39295525 48.332
  49  87.591268  64.550352    11.643    11.630  4 55142.30859404 37.340
  50  87.592361  64.550423    11.165    11.145  4 55152.22423242 29.281
  51  87.589037  64.552755    11.869    11.860  4 55162.13987054 25.664
  52  87.591759  64.554550    14.079    11.957  4 55172.05550890 19.291
  53  87.591466  64.556007    12.071    12.041  4 55181.97114543 17.296
  54  87.592945  64.555189    11.990    11.992  4 55191.88679587 17.923
  55  87.595454  64.554246    12.021    12.021  4 55201.80244632 18.095
  56  87.591315  64.554941    12.162    12.155  4 55211.71809535 17.395
  57  87.592907  64.554993    12.078    12.104  3 55221.63374447 14.456
  58  87.590145  64.554752    12.131    12.156  4 55231.54939202 14.084
  59  87.591166  64.553251    11.893    11.863  4 55241.46503681 14.766
  60  87.591415  64.551498    11.659    11.684  4 55251.38067807 17.621
  61  87.590369  64.550667    11.653    11.667  4 55261.29631691 11.008
  62  87.589094  64.551383    13.783    11.304  4 55271.21195479 13.663
  63  87.589251  64.552438    16.716    16.628  4 55281.12759271 10.934
  64  87.591432  64.552882    14.156    11.376  4 55291.04322968 11.606
  65  87.591031  64.553090    11.262    11.284  4 55300.95886413 12.161
  66  87.592292  64.551726    10.963    10.940  4 55310.87451114 12.456
  67  87.592339  64.551026    12.091    12.105  4 55320.79015676 21.873
  68  87.589487  64.551856    17.997    16.818  4 55330.70580085 30.783
  69  87.593908  64.552437    24.066    21.755  4 55340.62144551 30.494
  70  87.594652  64.553512    26.711    26.944  4 55350.53708957 33.691
  71  87.593543  64.554398    30.941    32.994  4 55360.45273135 24.529
  72  87.592046  64.554885    30.601    32.108  4 55370.36837100 22.399
  73  87.592524  64.555296    30.925    32.617  4 55380.28400938 22.182
  74  87.591148  64.556337    31.277    33.469  4 55390.19964688 19.633
  75  87.593578  64.556422    14.819    11.231  3 55400.11528371 32.095
  76  87.594927  64.554991    27.729    27.871  4 55410.03093170 19.530
  77  87.591295  64.553146    10.497    10.468  4 55419.94658189 45.044
  78  87.592950  64.550969    16.262    16.260  4 55429.86222935 25.648
  79  87.590509  64.551123    29.488    28.140  5 55439.77787371 23.019
  80  87.589740  64.552230    33.444    34.100  4 55449.69351664 22.836
  81  87.592304  64.552596    29.398    31.582  4 55459.60915949 24.870
  82  87.592671  64.552290    29.657    31.907  4 55469.52480129 24.772
  83  87.591332  64.551632    29.503    31.914  4 55479.44043981 26.835
  84  87.592575  64.551026    11.116    11.025  4 55489.35607579 48.763
  85  87.593126  64.551668     9.916     9.923  4 55499.27170942 24.866
  86  87.593952  64.552971    21.510    21.544  4 55509.18734956 18.758
  87  87.594230  64.553735     9.391     9.348  4 55519.10299961 45.789
  88  87.592898  64.554366    10.871    10.868  4 55529.01864862 32.257
  89  87.590334  64.554610    10.509    10.512  4 55538.93429571 28.568
  90  87.591626  64.554327    10.672    10.695  4 55548.84994093 22.339
  91  87.594584  64.554274    11.490    11.478  4 55558.76558452 23.834
  92  87.595300  64.555053    12.330    12.364  4 55568.68122693 18.962
  93  87.594881  64.555208    12.128    12.141  4 55578.59686840 16.491
  94  87.591598  64.554312    12.129    12.159  4 55588.51250731 16.226
  95  87.592400  64.552102    11.990    12.000  4 55598.42814365 16.150
  96  87.591616  64.551191    11.897    11.915  4 55608.34377721 15.432
  97  87.591369  64.552154    11.648    11.650  4 55618.25940886 15.558
  98  87.592024  64.553748    11.378    11.372  4 55628.17505563 14.489
  99  87.591522  64.554409    11.239    11.235  4 55638.09070690 13.626
 100  87.592521  64.553158    14.464    11.199  4 55648.00635637  9.950
 101  87.589228  64.551497    13.502    11.425  4 55657.92200250 11.229
 102  87.591995  64.549990    11.141    11.162  4 55667.83764506 24.546
 103  87.590251  64.551375    14.553    14.575  4 55677.75328428 34.135
 104  87.594444  64.553185    20.739    20.749  4 55687.66892206 51.428
 105  87.595643  64.555021    30.316    32.114  4 55697.58455827 26.900
 106  87.593882  64.555907    19.134    18.108  4 55707.50019318 34.588
 107  87.594619  64.554611    18.239    18.138  4 55717.41584454 27.965
 108  87.593863  64.554104    25.364    23.221  4 55727.33149300 19.954
 109  87.593475  64.554706    27.682    27.602  4 55737.24713979 19.335
 110  87.591656  64.555900    22.387    22.446  4 55747.16278519 17.913
 111  87.594314  64.555335    30.235    30.445  4 55757.07842905 21.866
 112  87.594343  64.553658    22.941    23.137  4 55766.99407016 21.286
 113  87.589469  64.552083    24.817    26.897  4 55776.90970781 22.930
 114  87.588704  64.550995    11.164    11.202  4 55786.82534307 50.433
 115  87.591190  64.551960    11.222    11.169  4 55796.74097673 52.581
 116  87.591725  64.553941    16.749    16.707  4 55806.65661826 30.702
 117  87.592834  64.554840    11.727    11.584  4 55816.57226726 42.478
 118  87.593261  64.553699    16.454    16.331  4 55826.48791316 30.158
 119  87.593483  64.551764    12.884     9.943  4 55836.40355472 33.568
 120  87.590535  64.551018    29.080    31.075  4 55846.31919265 25.465
 121  87.589129  64.552730    31.541    32.154  4 55856.23482802 20.859
 122  87.592957  64.554543     9.698     9.709  4 55866.15047077 52.306
 123  87.594330  64.555874    11.210    11.203  4 55876.06612343 44.525
 133  87.591027  64.551077    10.847    10.845  5 55975.22255597 20.933
 134  87.593707  64.553350    10.869    10.861  4 55985.13819240 21.479
 135  87.594924  64.555111    10.645    10.656  4 55995.05382673 20.786
 136  87.592121  64.554177    10.573    10.576  4 56004.96947878 16.777
 137  87.591747  64.551587    10.299    10.297  4 56014.88512726 20.762
 139  87.589361  64.551833    10.699    10.719  4 56034.71641537 16.532
 141  87.594763  64.556024    12.379    12.406  4 56054.54769483 27.171
 142  87.594443  64.556668    19.591    19.415  4 56064.46332932 48.665
 143  87.592686  64.555684    18.890    18.797  4 56074.37897301 44.583
 144  87.594504  64.554187    29.883    31.927  4 56084.29462295 25.498
 145  87.594338  64.554070    25.270    23.116  4 56094.21027028 21.458
 146  87.590938  64.555210    22.705    22.762  4 56104.12591510 24.428
 147  87.591929  64.554769    22.574    22.459  4 56114.04154594 19.870
 148  87.590256  64.554085    22.758    22.868  4 56123.95718436 18.208
 149  87.592521  64.552220     9.468     9.498  4 56133.87281923 43.873
 150  87.592248  64.551422    12.090     9.029  4 56143.78845854 34.654
 151  87.590509  64.551831     8.872     8.856  4 56153.70410871 53.275
 152  87.591703  64.552975     8.875     8.886  4 56163.61975775 51.361
 153  87.591346  64.554078    23.805    23.708  4 56173.53540457 19.610
 154  87.589765  64.554136     9.111     9.081  4 56183.45104631 44.573
 155  87.589674  64.552841    24.228    24.750  4 56193.36668456 20.278
 156  87.593592  64.551485     8.460     8.445  4 56203.28232045 49.999
 157  87.590026  64.553401     8.113     8.154  4 56213.19795381 25.129
 158  87.593282  64.555771     8.560     8.504  3 56223.11358674 47.626
 159  87.593302  64.557018    10.534    10.531  4 56233.02924298 39.284
 160  87.596032  64.556333     9.520     9.551  4 56242.94489557 34.219
 161  87.593172  64.555443     9.418     9.393  4 56252.86054309 28.157
 162  87.594555  64.554241    10.173    10.210  4 56262.77618648 25.389
 164  87.591367  64.554890     9.839     9.835  4 56282.60746969 19.177
 165  87.594300  64.553704    10.530    10.529  4 56292.52312183 17.577
 166  87.592883  64.552341    10.713    10.720  4 56302.43876915 17.223
 167  87.591220  64.551130    10.636    10.671  5 56312.35441225 17.720
 168  87.589355  64.551204    10.419    10.435  4 56322.27005314 15.500
 169  87.591482  64.552012    10.363    10.375  5 56332.18569381 16.621
 170  87.590340  64.553536    10.035    10.017  4 56342.10133370 15.059
 171  87.594183  64.553724     9.981    10.000  4 56352.01697186 13.557
 172  87.591969  64.553568     9.976     9.971  4 56361.93261213 14.161
 173  87.592364  64.552280    10.041    10.041  4 56371.84826166 13.812
 174  87.592476  64.552049     9.907     9.898  4 56381.76390837 14.056
 175  87.593324  64.553132    20.876    19.805  4 56391.67955287 12.793
 176  87.593332  64.554733    25.859    26.398  4 56401.59519560  8.061
 177  87.593354  64.555836    10.492    10.496  4 56411.51083563 42.061
 178  87.595648  64.555810    24.490    22.667  4 56421.42647100 26.944
 179  87.593305  64.555897    33.480    34.858  3 56431.34211005 24.832
 180  87.591488  64.555236    29.816    31.784  4 56441.25776279 23.094
 181  87.591500  64.554701    16.085    16.054  4 56451.17341321 33.472
 182  87.590703  64.554161    29.347    31.212  4 56461.08906125 20.570
 183  87.590940  64.552913    11.707    11.708  4 56471.00470614 28.271
 184  87.590242  64.552020    19.061    21.756  4 56480.92034728 23.178
 185  87.592664  64.551436    10.599    10.520  4 56490.83598476 47.899
 187  87.592067  64.553984     9.849     9.771  4 56510.66725233 47.707
 188  87.592077  64.554545    13.825    13.971  4 56520.58289610 22.315
 189  87.590345  64.554155     9.647     9.652  4 56530.49854921 43.329
 191  87.593513  64.552331    10.413    10.391  4 56550.32984410 41.599
 192  87.590923  64.553452    31.575    31.904  4 56560.24548660 17.271
 193  87.590429  64.554999    12.908    10.065  4 56570.16112829 25.220
 194  87.591875  64.556341    21.381    21.373  4 56580.07676880 15.116
 195  87.595666  64.556369     9.330     9.343  4 56589.99240566 45.160
 196  87.591738  64.556133     9.932     9.914  4 56599.90805146 46.502
 197  87.595227  64.554307    12.517    12.529  4 56609.82370244 25.550
 198  87.592576  64.554791    12.133    12.118  4 56619.73934784 20.152
 199  87.592996  64.555161    11.478    11.527  3 56629.65499033 18.169
 200  87.590963  64.555287    11.579    11.575  4 56639.57062930 18.796
 201  87.592355  64.553337    10.797    10.813  4 56649.48627491 16.891
 202  87.591873  64.551154    10.472    10.444  4 56659.40192609 18.155
 203  87.591705  64.550571    10.590    10.612  4 56669.31757338 16.510
 205  87.595058  64.553407    10.791    10.792  4 56689.14886191 15.966
 206  87.591130  64.554575    10.101    10.098  4 56699.06450222 17.835
 207  87.590689  64.553867    10.427    10.431  4 56708.98013835 17.776
 208  87.589973  64.552953    10.351    10.369  4 56718.89577780 11.560
 209  87.593569  64.552061    10.523    10.528  4 56728.81143068 12.755
 211  87.592567  64.555747    22.306    22.528  4 56748.64272343  9.817
 212  87.591484  64.556913    10.654    10.668  4 56758.55836324 14.654
 213  87.595634  64.556074    11.912    11.905  4 56768.47399757 27.023
 214  87.592903  64.554931    14.640    14.643  3 56778.38964458 29.145
 215  87.593052  64.553706    20.588    20.304  4 56788.30530056 33.662
 216  87.589603  64.554132    33.197    33.095  4 56798.22095264 48.749
 217  87.593575  64.554055    30.905    32.930  4 56808.13659974 25.855
 219  87.589724  64.553106    17.834    17.823  4 56827.96787769 51.186
 220  87.590841  64.551459    31.693    32.726  4 56837.88351200 18.992
 221  87.589207  64.552133     9.171     6.913  4 56847.79914301 26.519
 222  87.593986  64.552410    10.299    10.299  4 56857.71479612 46.588
 223  87.593501  64.554180    10.306    10.236  4 56867.63044931 50.362
 224  87.591334  64.554727    28.698    28.967  4 56877.54610071 19.412
 225  87.591997  64.553323    17.621    16.914  5 56887.46174933 22.477
 226  87.592357  64.551510    29.463    31.235  4 56897.37739527 22.857
 227  87.589664  64.551931    30.459    32.587  4 56907.29303808 22.830
 228  87.591957  64.553614    29.509    31.836  4 56917.20867917 25.027
 229  87.594128  64.555982    10.792    10.808  4 56927.12431828 33.106
 230  87.592802  64.557658    10.275    10.199  4 56937.03995341 32.319
 231  87.596061  64.556762     9.865     9.896  4 56946.95558425 23.086
 232  87.593237  64.554557     9.431     9.445  4 56956.87123835 45.819
 233  87.593935  64.552956    10.864    10.880  4 56966.78688717 16.968
 234  87.591317  64.554001    11.249    11.272  4 56976.70253129 15.894
 235  87.592975  64.555201    10.896    10.905  4 56986.61817125 12.291
 236  87.592105  64.555816    13.273    10.796  4 56996.53380524 10.443
 237  87.594999  64.553517    13.352    10.706  4 57006.44945028 10.108
 238  87.590069  64.551555    11.240    11.301  4 57016.36510423 17.133
 239  87.589354  64.550847    21.845    24.090  4 57026.28075469 11.702
 240  87.591235  64.552282    25.880    25.151  5 57036.19640329  9.433
 241  87.593083  64.554148    11.320    11.319  4 57046.11204929 11.773
 242  87.591456  64.555333    13.761    11.392  4 57056.02769165  9.825
 243  87.593722  64.553987    10.930    10.857  4 57065.94332935 14.426
 244  87.589843  64.553866    10.941    10.911  4 57075.85896186 13.899
 245  87.593653  64.554056    10.865    10.878  4 57085.77459194 18.534
 246  87.592627  64.555585    10.871    10.875  4 57095.69024847 16.885
 247  87.592804  64.556982    11.449    11.430  4 57105.60590464 11.874
 248  87.596207  64.556811    11.389    11.387  4 57115.52155667 12.749
 250  87.593613  64.554005    11.856    11.832  4 57135.35284231 19.762
