# NaN NaN NaN ;Mean Elev.(m), Avg Gradient(m/km), RMS Gradient(m/km) - SRTM1     
#  -15.236  -2.101   6.441 ;Mean Elev.(m), Avg Gradient(m/km), RMS Gradient(m/km) - ASTER GDEM
#   10.012  -1.105   4.201 ;Mean Elev.(m), Avg Gradient(m/km), RMS Gradient(m/km) - GMTED2010 
   1  87.509735  64.567262    21.924    23.368  7 54666.35769891 21.034
   2  87.511272  64.567886    10.799    10.816  7 54676.27334355 54.355
   3  87.513147  64.569415   -53.217   -53.112  6 54686.18898681 27.460
   4  87.512911  64.570941    25.819    27.370  7 54696.10462827 21.430
   5  87.514497  64.570263   -16.155   -16.157  7 54706.02026805 14.198
   6  87.510808  64.567861    10.071    10.154  7 54715.93592031 41.456
   7  87.513600  64.564385     4.741     3.711  7 54725.85157074 15.755
   8  87.508868  64.563940    28.725    30.288  7 54735.76721836 24.398
   9  87.511637  64.564644    30.633    30.586  7 54745.68286569 25.263
  10  87.511085  64.566279    10.867    10.956  7 54755.59851219 51.804
  11  87.513694  64.565885    21.346    21.305  7 54765.51415773 20.344
  12  87.509956  64.564582     9.686     9.681  7 54775.42979982 43.381
  13  87.510595  64.562634    10.891    10.847  7 54785.34543990 38.189
  14  87.508239  64.563262    11.161    11.148  7 54795.26107805 29.220
  17  87.512438  64.568359    12.739    13.911  7 54825.00799926 18.763
  18  87.514467  64.566611    14.659    14.631  7 54834.92363929 17.198
  19  87.509188  64.566670    15.739    15.341  7 54844.83928864 15.280
  20  87.509721  64.567102    16.165    16.671  7 54854.75493763 14.653
  21  87.513011  64.568128    15.269    15.083  7 54864.67058664 15.172
  22  87.513342  64.568665    15.103    15.041  6 54874.58623508 15.502
  23  87.513763  64.567684    14.609    14.423  7 54884.50188102 14.685
  24  87.511292  64.565543    15.856    15.628  7 54894.41752336 14.315
  25  87.507889  64.563779    14.175    13.632  7 54904.33316296 14.381
  26  87.511561  64.562914    15.950    15.382  7 54914.24880202 13.557
  27  87.510049  64.564667    16.929    17.458  7 54924.16443990 13.884
  28  87.510082  64.566528    17.327    17.364  7 54934.08007714 13.128
  29  87.511199  64.566998    12.015    11.979  7 54943.99571265 19.293
  30  87.512425  64.565818    13.288    13.379  7 54953.91134612 29.314
  31  87.510862  64.564019    16.940    16.936  7 54963.82699124 39.721
  32  87.508910  64.563897    24.015    24.082  7 54973.74263943 36.255
  33  87.511844  64.565043    28.646    28.706  7 54983.65828726 30.235
  34  87.510518  64.567365    25.914    25.935  7 54993.57393440 29.640
  35  87.515400  64.567409    29.746    30.128  7 55003.48958118 23.059
  36  87.512541  64.567398    30.835    30.854  7 55013.40522527 21.678
  37  87.512289  64.566713    12.208    12.236  7 55023.32086828 53.006
  38  87.513954  64.566944    10.566    10.481  7 55033.23651073 53.745
  39  87.511086  64.568679    10.181    10.155  7 55043.15215198 39.138
  40  87.514190  64.569113     9.873     9.882  7 55053.06779229 38.394
  41  87.511049  64.568795    10.406    10.361  7 55062.98342988 53.610
  42  87.510679  64.566470     9.980    10.017  7 55072.89907468 41.713
  43  87.508368  64.564502    10.876     9.964  7 55082.81472291 24.476
  44  87.510000  64.563687    10.151    10.171  7 55092.73036978 53.848
  45  87.511647  64.564260     9.915     9.858  7 55102.64601627 38.151
  46  87.512267  64.565299    30.623    30.709  7 55112.56166232 22.825
  47  87.509820  64.565706    10.087    10.050  7 55122.47730580 45.376
  48  87.509616  64.564664     9.709     9.697  7 55132.39294669 48.595
  49  87.508255  64.563616    11.678    11.735  7 55142.30858548 35.813
  50  87.509350  64.563688    11.161    11.179  7 55152.22422386 28.549
  51  87.511747  64.565103    11.814    11.778  7 55162.13986257 25.528
  52  87.514466  64.566899    13.325    13.706  7 55172.05550093 22.657
  53  87.514170  64.568353    14.184    13.858  7 55181.97113746 20.221
  54  87.515655  64.567537    13.769    13.898  7 55191.88678790 20.074
  55  87.512445  64.567511    13.168    12.234  7 55201.80243776 19.731
  56  87.514030  64.567293    13.238    13.361  7 55211.71808738 19.067
  57  87.512757  64.567803    14.829    14.849  7 55221.63373621 17.481
  58  87.512856  64.567104    14.548    14.423  7 55231.54938405 16.840
  59  87.513880  64.565603    14.448    14.588  7 55241.46502884 16.410
  60  87.508406  64.564764    15.444    15.702  7 55251.38066951 15.978
  61  87.510226  64.563476    14.465    14.691  8 55261.29630865 14.272
  62  87.511814  64.563735    13.972    14.116  7 55271.21194682 14.743
  63  87.511970  64.564788    15.003    15.286  7 55281.12758474 13.897
  64  87.514152  64.565231    14.135    13.885  7 55291.04322171 14.778
  65  87.513751  64.565436    14.483    14.412  7 55300.95885616 13.772
  66  87.509293  64.564985    12.526    13.284  7 55310.87450258 11.515
  67  87.509345  64.564286    12.003    12.028  7 55320.79014820 21.110
  68  87.512215  64.564203    16.875    16.941  7 55330.70579288 31.882
  69  87.510908  64.565700    22.489    21.397  7 55340.62143695 37.245
  70  87.511646  64.566776    20.074    20.058  7 55350.53708101 43.573
  71  87.510530  64.567661    26.472    27.964  7 55360.45272279 24.405
  72  87.514758  64.567234    29.811    31.518  7 55370.36836303 23.544
  73  87.515234  64.567646    31.263    31.954  7 55380.28400141 22.292
  74  87.513854  64.568685    29.847    30.760  7 55390.19963891 19.787
  75  87.513421  64.569226    10.817    10.782  7 55400.11527544 34.885
  76  87.511913  64.568252    28.597    29.854  7 55410.03092314 17.701
  77  87.514015  64.565492    10.536    10.537  7 55419.94657392 52.181
  78  87.509952  64.564230    11.354    10.463  7 55429.86222079 31.382
  79  87.510375  64.563929    29.896    31.019  7 55439.77786544 21.274
  80  87.512464  64.564580    31.162    31.022  7 55449.69350867 23.993
  81  87.509297  64.565861    30.208    29.946  7 55459.60915093 22.534
  82  87.509662  64.565554    30.394    30.472  7 55469.52479273 23.040
  83  87.508319  64.564894    30.477    30.363  7 55479.44043125 24.644
  84  87.509561  64.564288    11.016    10.995  7 55489.35606723 54.684
  85  87.510109  64.564930    10.888     9.750  7 55499.27170086 22.618
  86  87.510932  64.566234     9.353     9.340  7 55509.18734100 27.801
  87  87.511212  64.566999     9.208     9.235  7 55519.10299105 39.879
  88  87.509880  64.567629    10.873    10.876  7 55529.01864006 34.131
  89  87.513045  64.566959    10.330    10.317  7 55538.93428774 27.195
  90  87.514340  64.566677    10.564    10.577  7 55548.84993296 23.943
  91  87.511574  64.567540    11.381    11.437  7 55558.76557596 28.950
  92  87.512286  64.568320    12.172    12.186  7 55568.68121837 20.291
  93  87.511864  64.568474    13.298    13.893  7 55578.59685984 18.053
  94  87.514307  64.566662    12.660    12.091  7 55588.51249934 17.081
  95  87.509384  64.565363    11.898    11.921  7 55598.42813509 18.621
  96  87.508600  64.564451    11.774    11.789  7 55608.34376865 18.229
  97  87.511215  64.564956    12.651    11.703  8 55618.25940060 17.935
  98  87.514733  64.566096    11.314    11.246  7 55628.17504766 16.916
  99  87.514233  64.566757    11.090    11.073  7 55638.09069893 16.361
 100  87.509513  64.566419    13.227    13.630  7 55648.00634781 11.935
 101  87.511953  64.563843    13.354    13.686  7 55657.92199453 13.672
 102  87.509002  64.563251    11.022    11.035  7 55667.83763650 24.492
 103  87.512980  64.563722    28.223    29.873  7 55677.75327631 31.632
 104  87.511440  64.566447    20.836    20.848  7 55687.66891350 55.059
 105  87.512631  64.568283    26.696    27.544  7 55697.58454971 28.188
 106  87.510862  64.569166    18.194    18.204  7 55707.50018462 42.775
 107  87.511602  64.567872    14.216    14.269  7 55717.41583598 45.561
 108  87.510848  64.567367    26.529    25.870  7 55727.33148444 19.531
 109  87.510459  64.567970    17.999    20.631  7 55737.24713123 23.029
 110  87.514365  64.568250    18.905    21.620  7 55747.16277722 19.943
 111  87.511300  64.568599    30.277    30.363  7 55757.07842049 18.108
 112  87.511335  64.566921    12.516     9.878  7 55766.99406160 34.479
 113  87.512192  64.564429    16.865    18.635  7 55776.90969984 24.534
 114  87.511430  64.563339    11.003    11.026  7 55786.82533510 54.148
 115  87.511049  64.564761    10.985    11.011  8 55796.74096846 51.860
 116  87.514439  64.566287    16.431    18.153  7 55806.65661029 43.230
 117  87.512680  64.567644    11.483    11.384  6 55816.57225899 54.898
 118  87.510241  64.566960    10.364    10.332  7 55826.48790460 38.882
 119  87.510467  64.565025    24.354    22.879  7 55836.40354616 25.391
 120  87.510382  64.563821    26.427    29.396  8 55846.31918439 26.237
 121  87.511834  64.565075    25.780    25.363  7 55856.23482005 23.891
 122  87.509931  64.567804     9.524     9.428  7 55866.15046221 47.921
 123  87.511305  64.569137    11.003    10.953  7 55876.06611487 40.097
 133  87.510880  64.563883    15.923    16.329  7 55975.22254770 17.286
 134  87.510692  64.566612    15.951    15.545  7 55985.13818384 17.328
 135  87.511906  64.568371    16.679    17.106  7 55995.05381817 17.406
 136  87.514836  64.566523    14.611    13.869  7 56004.96947081 17.258
 137  87.508747  64.564847    11.303    10.784  7 56014.88511870 19.485
 139  87.512089  64.564180    10.642    10.650  7 56034.71640740 15.931
 141  87.511748  64.569287    12.268    12.249  7 56054.54768627 28.635
 142  87.511421  64.569929    19.583    19.532  7 56064.46332076 49.394
 143  87.515393  64.568031    32.113    32.525  7 56074.37896504 28.276
 144  87.511489  64.567450    31.060    30.796  7 56084.29461439 24.671
 145  87.511326  64.567334    27.286    29.666  7 56094.21026172 26.677
 146  87.513651  64.567558    22.085    23.072  7 56104.12590713 30.525
 147  87.514645  64.567117     9.407     9.373  7 56114.04153797 42.028
 148  87.512974  64.566431     9.049     9.085  7 56123.95717639 40.491
 149  87.509519  64.565479     9.407     9.409  7 56133.87281067 52.530
 150  87.509248  64.564680     9.002     9.045  7 56143.78844998 42.678
 151  87.513234  64.564177     8.955     8.933  7 56153.70410074 52.350
 152  87.511558  64.565780     8.922     8.891  8 56163.61974948 50.852
 153  87.514058  64.566427     8.754     8.786  7 56173.53539660 40.300
 154  87.512473  64.566483     9.172     9.201  7 56183.45103834 51.734
 155  87.512382  64.565189     8.745     8.817  7 56193.36667659 39.583
 156  87.510577  64.564748     8.561     8.590  7 56203.28231189 48.221
 157  87.512732  64.565748     8.292     8.334  7 56213.19794584 34.698
 158  87.513118  64.568574     8.219     8.319  7 56223.11357848 41.442
 159  87.516003  64.569364    10.649    10.556  7 56233.02923501 37.178
 160  87.513011  64.569596    10.367     9.600  7 56242.94488701 34.674
 161  87.513020  64.568249    12.145    12.653  6 56252.86053482 25.165
 162  87.511544  64.567505    10.227    10.295  7 56262.77617792 32.451
 164  87.514076  64.567239    13.926    13.566  7 56282.60746172 22.373
 165  87.511283  64.566969    10.486    10.482  7 56292.52311327 26.807
 166  87.509869  64.565606    11.284    10.826  7 56302.43876059 27.503
 167  87.511072  64.563938    13.143    12.568  7 56312.35440399 23.746
 168  87.512070  64.563555    14.818    15.013  7 56322.27004517 17.109
 169  87.511334  64.564820    14.892    14.908  7 56332.18568555 17.075
 170  87.513053  64.565884    14.662    14.764  7 56342.10132573 16.005
 171  87.511171  64.566985    15.364    15.400  7 56352.01696330 15.210
 172  87.514686  64.565914    14.700    14.586  7 56361.93260416 15.734
 173  87.509363  64.565540    14.573    14.822  7 56371.84825310 15.975
 174  87.509478  64.565312    14.798    14.952  7 56381.76389981 15.546
 175  87.510322  64.566397    21.639    21.849  7 56391.67954431 14.690
 176  87.510323  64.567997    22.555    21.170  7 56401.59518704  9.604
 177  87.513202  64.568641    10.568    10.572  6 56411.51082736 45.301
 178  87.512628  64.569072    20.410    20.390  7 56421.42646244 33.811
 179  87.513146  64.568701    27.818    27.348  7 56431.34210179 31.222
 180  87.514197  64.567586    24.010    24.768  7 56441.25775482 27.806
 181  87.514214  64.567052    16.425    16.447  7 56451.17340524 55.055
 182  87.513420  64.566512    29.086    30.216  7 56461.08905328 19.388
 183  87.513662  64.565262    12.425    11.792  7 56471.00469817 29.137
 184  87.512968  64.564368    10.791    10.816  7 56480.92033931 33.426
 185  87.509667  64.564698    10.470    10.453  7 56490.83597620 52.874
 187  87.514783  64.566330     9.475     9.480  7 56510.66724436 51.955
 188  87.514787  64.566890     9.236     9.283  7 56520.58288813 40.280
 189  87.513053  64.566501     9.642     9.621  7 56530.49854124 51.315
 191  87.510497  64.565595    10.619    10.659  7 56550.32983554 53.971
 192  87.513631  64.565803    26.146    26.926  7 56560.24547863 21.315
 193  87.513135  64.567350     9.751     9.691  7 56570.16112032 35.003
 194  87.514578  64.568691    10.604    11.044  7 56580.07676083 30.218
 195  87.512643  64.569631     9.193     9.190  7 56589.99239710 42.542
 196  87.514442  64.568479     9.758     9.821  7 56599.90804349 43.268
 197  87.512214  64.567571    12.454    12.440  7 56609.82369388 28.110
 198  87.515289  64.567141    12.025    11.980  7 56619.73933987 22.254
 199  87.512842  64.567969    12.094    11.390  7 56629.65498206 20.820
 200  87.513669  64.567636    11.348    11.313  7 56639.57062133 21.598
 201  87.509335  64.566599    10.654    10.498  7 56649.48626635 19.032
 202  87.508858  64.564417    10.421    10.331  7 56659.40191753 18.770
 203  87.508693  64.563836    12.801    13.963  7 56669.31756482 17.421
 205  87.512044  64.566673    10.816    10.770  7 56689.14885335 17.845
 206  87.513841  64.566924    10.174    10.144  7 56699.06449425 19.391
 207  87.513403  64.566214    10.449    10.438  7 56708.98013038 19.744
 208  87.512692  64.565298    16.829    16.849  7 56718.89576983 14.158
 209  87.510569  64.565323    12.922    11.339  7 56728.81142212 15.439
 211  87.515283  64.568099    18.783    16.974  7 56748.64271546 11.358
 212  87.514193  64.569263    10.873    10.722  7 56758.55835527 17.728
 213  87.512615  64.569337    11.813    11.769  7 56768.47398901 32.154
 214  87.512748  64.567736    14.486    14.567  7 56778.38963631 28.116
 215  87.510039  64.566971    20.441    20.421  7 56788.30529200 51.691
 216  87.512318  64.566485    21.495    21.442  7 56798.22094467 55.814
 217  87.510567  64.567323    29.815    30.192  7 56808.13659118 26.361
 219  87.512446  64.565455    17.819    17.823  7 56827.96786972 52.942
 220  87.510706  64.564262    28.503    29.347  8 56837.88350373 17.451
 221  87.511931  64.564477    10.514    10.524  7 56847.79913504 37.775
 222  87.510985  64.565671    10.254    10.235  7 56857.71478756 53.251
 223  87.510492  64.567443    10.283    10.327  7 56867.63044075 52.608
 224  87.514048  64.567077    22.184    23.466  7 56877.54609274 24.049
 225  87.511849  64.566131    10.009     9.959  7 56887.46174106 37.225
 226  87.509349  64.564776    24.589    25.621  7 56897.37738671 24.038
 227  87.512381  64.564284    28.146    30.721  7 56907.29303011 22.829
 228  87.514671  64.565968    31.132    31.642  7 56917.20867120 24.102
 229  87.511108  64.569250    10.912    10.898  7 56927.12430972 46.503
 230  87.515506  64.570009    11.073    10.124  7 56937.03994544 36.758
 231  87.513039  64.570023     9.687     9.742  7 56946.95557569 45.000
 232  87.510223  64.567819     9.141     9.047  7 56956.87122979 41.993
 233  87.510929  64.566219    12.678    13.466  7 56966.78687861 21.877
 234  87.514033  64.566350    12.432    11.367  7 56976.70252332 20.416
 235  87.515686  64.567552    15.745    15.797  7 56986.61816328 15.747
 236  87.514810  64.568164    16.245    16.104  7 56996.53379727 14.742
 237  87.511980  64.566779    16.498    16.865  7 57006.44944172 14.224
 238  87.512781  64.563903    15.987    17.293  7 57016.36509626 19.039
 239  87.512069  64.563197    16.865    16.981  7 57026.28074672 12.764
 240  87.511086  64.565089    17.241    17.292  7 57036.19639503 12.599
 241  87.510068  64.567413    16.872    17.015  7 57046.11204073 13.014
 242  87.514167  64.567682    16.410    16.397  7 57056.02768368 12.155
 243  87.510713  64.567249    16.811    16.960  7 57065.94332079 14.596
 244  87.512560  64.566211    16.607    16.797  7 57075.85895389 11.851
 245  87.510644  64.567314    12.741    11.709  7 57085.77458338 14.706
 246  87.515341  64.567933    14.319    14.149  7 57095.69024050 13.505
 247  87.515514  64.569332    14.403    14.744  7 57105.60589667 12.958
 248  87.513189  64.570077    13.369    14.031  7 57115.52154811 14.054
 249  87.511871  64.568889    34.603    35.283  7 57125.43719355  2.938
 250  87.510599  64.567270    11.624    11.564  7 57135.35283375 25.387
