# NaN NaN NaN ;Mean Elev.(m), Avg Gradient(m/km), RMS Gradient(m/km) - SRTM1     
#   -7.000  -0.666   2.431 ;Mean Elev.(m), Avg Gradient(m/km), RMS Gradient(m/km) - ASTER GDEM
#    1.324  -0.602   2.297 ;Mean Elev.(m), Avg Gradient(m/km), RMS Gradient(m/km) - GMTED2010 
   1  87.798335  66.084306    13.000     6.359 13 54663.31035965 25.677
   2  87.798811  66.085209     5.705     5.735 33 54673.22600464 42.781
   3  87.798291  66.086469    -7.141   -10.326 34 54683.14164812 14.780
   4  87.823919  66.087849     6.390     6.363 19 54693.05729268 57.380
   5  87.798744  66.086331    -9.622    -9.863 34 54702.97293011 39.444
   6  87.796593  66.084343    14.494    13.846 33 54712.88857902 19.496
   7  87.798968  66.082751    -0.813    -1.454 33 54722.80423006 34.282
   8  87.796718  66.082127    56.550    57.209 33 54732.71987825 17.752
   9  87.799384  66.083183    56.242    57.308 34 54742.63552537 17.827
  10  87.797422  66.083984    14.518    14.447 33 54752.55117186 20.496
  11  87.796463  66.083740    44.551    45.430 33 54762.46681808 24.060
  12  87.799728  66.082341     3.959     3.961 33 54772.38246219 48.675
  13  87.799206  66.081123     5.072     5.030 34 54782.29810302 29.749
  14  87.798232  66.081064     4.542     4.270 33 54792.21374136 26.398
  17  87.797045  66.084204     8.434     7.009 34 54821.96065770 19.126
  18  87.797103  66.083805     9.021     7.849 33 54831.87630974 22.066
  19  87.797774  66.083968     4.735     4.609 33 54841.79194844 21.332
  20  87.797037  66.085179     9.284    10.617 34 54851.70759733 19.621
  21  87.798421  66.086930    11.169    11.236 33 54861.62324607 18.819
  22  87.796545  66.087655    46.841    47.246 33 54871.53889453 13.554
  23  87.798131  66.086439    46.111    46.793 34 54881.45454161 13.514
  24  87.798616  66.083808    45.001    45.790 33 54891.37018529 13.929
  25  87.796859  66.081620    43.384    43.518 33 54901.28582586 14.496
  26  87.797334  66.081815    42.829    43.762 34 54911.20146490 14.654
  27  87.799003  66.083503     6.398     5.619 33 54921.11710294 19.306
  28  87.798203  66.084552     4.597     4.508 34 54931.03274015 21.524
  29  87.796835  66.083587    51.687    51.300 34 54940.94837591 10.214
  30  87.799883  66.081643     5.325     5.315 33 54950.86401040 24.433
  31  87.795745  66.080105     7.920     7.961 32 54960.77965043 26.193
  32  87.798681  66.080964    11.450    11.444 34 54970.69529936 31.700
  33  87.797104  66.082783    16.443    16.443 33 54980.61094672 31.726
  34  87.798590  66.084424    33.985    39.393 33 54990.52659409 30.651
  35  87.799506  66.084627    14.611    14.678 33 55000.44224117 29.926
  36  87.797274  66.084301    55.145    55.247 34 55010.35788619 18.053
  37  87.798276  66.084098     6.841     6.819 34 55020.27352992 47.284
  38  87.797757  66.085075    11.628    12.065 34 55030.18917233 20.632
  39  87.796622  66.086390    19.730    20.682 33 55040.10481405 18.281
  40  87.799223  66.087118     4.935     4.002 33 55050.02045471 23.660
  41  87.796882  66.085709     3.943     3.913 34 55059.93609276 51.950
  42  87.798406  66.083126     3.711     3.692 33 55069.85173339 47.616
  43  87.797006  66.080947     3.639     3.467 34 55079.76738266 39.306
  44  87.799544  66.081031    20.153    19.794 33 55089.68303037 21.484
  45  87.798139  66.082773    50.218    50.040 33 55099.59867661 16.597
  46  87.798126  66.084494    13.101    10.306 33 55109.51432247 23.371
  47  87.798632  66.084151    53.480    52.148 33 55119.42996694 16.515
  48  87.798463  66.081972     3.697     3.659 33 55129.34560879 53.022
  49  87.795525  66.079956     8.768     4.615 32 55139.26124837 31.390
  50  87.794219  66.080268    40.710    43.063 32 55149.17688688 22.858
  51  87.798250  66.082646    43.217    44.107 34 55159.09252554 20.286
  52  87.797085  66.084661    43.612    45.243 33 55169.00816340 17.160
  53  87.796774  66.085143    23.597    31.102 33 55178.92380034 17.380
  54  87.797890  66.084307    25.342    31.196 34 55188.83944629 16.769
  55  87.799619  66.084113    25.116    30.983 33 55198.75509707 16.630
  56  87.799442  66.085007    31.195    33.005 33 55208.67074681 16.374
  57  87.796611  66.086331    48.661    48.206 33 55218.58639581 12.809
  58  87.798918  66.086591    49.280    48.466 33 55228.50204448 12.105
  59  87.798214  66.085189    48.215    48.285 33 55238.41768980 12.595
  60  87.797015  66.082688    47.262    46.987 34 55248.33333149 12.892
  61  87.799826  66.081078    46.875    46.934 33 55258.24897116 13.050
  62  87.798314  66.081201    46.060    46.096 34 55268.16460968 12.810
  63  87.796736  66.082763    47.045    47.386 34 55278.08024785 12.589
  64  87.797857  66.083860    47.971    47.844 33 55287.99588501 12.754
  65  87.799259  66.083494    47.258    47.775 33 55297.91151979 13.011
  66  87.798353  66.081662    35.697    37.958 34 55307.82716195  6.565
  67  87.799988  66.080403    48.210    49.536 33 55317.74280843  4.983
  68  87.797378  66.080742     6.036     6.040 34 55327.65845346 25.981
  69  87.799031  66.082760    11.037    10.976 33 55337.57409814 36.488
  70  87.796823  66.084603    17.231    17.259 34 55347.48974200 46.096
  71  87.796007  66.085270    19.133    15.770 33 55357.40538436 29.867
  72  87.796985  66.085017    56.690    57.912 34 55367.32102481 19.492
  73  87.797934  66.084612    13.430    12.112 34 55377.23666381 23.008
  74  87.798940  66.084886     6.439     6.396 33 55387.15230196 55.867
  75  87.796994  66.085361    55.471    55.796 34 55397.06793893 15.096
  76  87.796804  66.085331    57.741    57.816 33 55406.98358170 16.977
  77  87.797044  66.084213    24.254    23.257 33 55416.89923284 18.786
  78  87.797676  66.082278     8.983     9.745 33 55426.81488060 24.548
  79  87.797493  66.081044    56.786    56.927 34 55436.73052560 16.326
  80  87.798238  66.081328    54.691    56.051 34 55446.64616940 17.369
  81  87.796978  66.082518    10.402    11.615 33 55456.56181256 26.162
  82  87.798075  66.083572    54.226    53.838 34 55466.47745523 16.539
  83  87.798394  66.083179    16.292    14.552 33 55476.39309467 21.481
  84  87.798994  66.081769    12.993    13.150 34 55486.30873094 26.716
  85  87.799940  66.080606    40.102    41.306 33 55496.22436508 23.870
  86  87.798766  66.081182     3.721     3.356 34 55506.14000023 29.565
  87  87.798193  66.082931     4.585     4.571 33 55516.05565073 48.299
  88  87.796707  66.084585     4.761     4.773 34 55525.97130022 37.240
  89  87.797027  66.085242     4.168     4.148 33 55535.88694785 32.640
  90  87.798827  66.085139     3.807     3.800 33 55545.80259348 26.681
  91  87.797519  66.085080     3.988     3.979 33 55555.71823700 25.297
  92  87.798430  66.085507     4.742     4.670 34 55565.63387983 24.229
  93  87.797810  66.085511     5.220     4.786 34 55575.54952189 24.060
  94  87.797152  66.084452     4.724     4.632 33 55585.46516224 24.334
  95  87.798082  66.082841     7.169     5.600 34 55595.38079943 22.551
  96  87.799667  66.081618     9.062     9.415 33 55605.29643347 21.846
  97  87.799513  66.081317    10.585    11.644 33 55615.21206527 22.333
  98  87.799374  66.082012     9.548    10.257 33 55625.12770556 20.685
  99  87.796298  66.082594     8.187     7.935 33 55635.04335759 20.673
 100  87.799313  66.082743     5.667     4.234 33 55644.95900800 21.936
 101  87.799728  66.082191     6.428     4.491 33 55654.87465536 20.810
 102  87.797065  66.081435    46.325    46.259 34 55664.79029791 12.903
 103  87.799686  66.081505     4.783     4.749 33 55674.70593801 47.491
 104  87.799239  66.082364    12.822    12.798 34 55684.62157621 56.284
 105  87.798963  66.083588    17.098    17.080 34 55694.53721324 55.796
 106  87.798985  66.084496    25.241    24.382 34 55704.45284894 31.064
 107  87.798230  66.084759    18.444    19.536 34 55714.36849541 27.256
 108  87.798587  66.084897     7.262     7.250 33 55724.28414451 36.210
 109  87.797804  66.085267    52.975    52.268 34 55734.19979156 14.926
 110  87.798759  66.085737    10.384    11.264 34 55744.11543750 20.879
 111  87.798924  66.085453    53.937    53.660 33 55754.03108185 13.732
 112  87.797554  66.083919    12.856    12.581 34 55763.94672375 20.733
 113  87.799083  66.082101     5.386     5.398 34 55773.86236310 40.916
 114  87.798444  66.080894    19.353    15.230 34 55783.77799891 21.655
 115  87.798123  66.081468     5.545     5.544 34 55793.69363236 51.380
 116  87.798897  66.082758     5.996     5.972 33 55803.60926854 39.853
 117  87.797315  66.083380     5.941     5.962 34 55813.52491812 50.591
 118  87.796769  66.082648     5.006     4.989 34 55823.44056585 38.756
 119  87.799073  66.081457    17.280    13.884 33 55833.35620909 20.884
 120  87.797290  66.080809    43.383    47.891 33 55843.27184779 19.594
 121  87.798443  66.081629    52.174    52.324 33 55853.18748372 17.158
 122  87.799329  66.083396     4.010     4.001 33 55863.10311987 43.526
 123  87.796696  66.084673     4.503     4.488 34 55873.01877370 41.108
 133  87.797497  66.081593     3.881     3.550 34 55972.17521109 30.646
 134  87.798429  66.083497     3.797     3.720 33 55982.09084728 33.195
 135  87.798025  66.083906     3.722     3.717 34 55992.00648178 31.161
 136  87.798466  66.082839     5.515     3.640 34 56001.92212904 28.223
 137  87.798408  66.081087     6.223     3.555 33 56011.83777892 26.992
 138  87.798456  66.080707    55.032    56.452 33 56021.75342518  4.243
 139  87.796765  66.082089     3.710     3.702 33 56031.66906845 16.149
 141  87.796467  66.085680     4.599     4.589 34 56051.50034883 45.682
 142  87.797090  66.085579    10.255     8.667 34 56061.41598511 27.544
 143  87.796895  66.084421    16.071    16.089 33 56071.33162355 31.147
 144  87.797700  66.084097    19.356    14.986 34 56081.24727422 37.732
 145  87.802064  66.084929    10.570    10.547 33 56091.16292259 57.147
 146  87.797131  66.085864    19.907    21.373 33 56101.07856774 19.460
 147  87.797671  66.085576     4.647     4.633 33 56110.99419915 46.808
 148  87.797269  66.083576    22.254    20.371 34 56120.90983870 19.187
 149  87.798856  66.081096     3.199     3.168 34 56130.82547471 52.869
 150  87.795290  66.079943    20.871    19.638 32 56140.74110850 22.816
 151  87.797849  66.081499    13.217    11.404 33 56150.65675974 22.639
 152  87.796575  66.083697     2.644     2.665 34 56160.57240878 37.090
 153  87.799165  66.084656     2.632     2.640 33 56170.48805654 46.303
 154  87.797719  66.083331    52.972    53.138 33 56180.40369995 15.253
 155  87.798878  66.081465    16.776    15.855 34 56190.31933959 20.301
 156  87.796917  66.080732    27.249    33.045 34 56200.23497606 21.481
 157  87.798222  66.082350    25.297    28.142 34 56210.15061042 20.327
 158  87.796082  66.084671     2.183     2.155 33 56220.06624263 41.045
 159  87.797697  66.086375     2.802     2.809 34 56229.98189235 36.539
 160  87.798447  66.086069    44.563    45.412 34 56239.89754571 26.096
 161  87.796353  66.084945    43.371    43.272 33 56249.81319486 24.416
 162  87.796934  66.084087    43.139    43.981 34 56259.72883944 23.367
 163  87.799658  66.084608    44.811    45.009 33 56269.64448160 20.511
 164  87.796950  66.085142    45.267    45.816 34 56279.56012153 19.914
 165  87.797583  66.085299    45.645    45.667 34 56289.47577244 18.424
 166  87.799248  66.083718    19.607    13.325 33 56299.39142093 19.629
 167  87.797855  66.081504    12.214    12.132 33 56309.30706515 20.515
 168  87.798346  66.080482    20.918    21.361 34 56319.22270716 17.781
 169  87.798006  66.081712    44.957    44.406 33 56329.13834814 15.538
 170  87.796796  66.083656    45.616    44.536 33 56339.05398820 15.334
 171  87.797227  66.084622    45.542    45.581 34 56348.96962633 14.988
 172  87.799353  66.083557    45.031    45.590 33 56358.88526188 14.299
 173  87.799280  66.081862    44.799    45.156 34 56368.80091246 14.067
 175  87.799115  66.083160    46.850    46.850 34 56388.63220563 12.529
 176  87.799627  66.085574    49.009    48.754 33 56398.54784911 11.555
 177  87.796872  66.086838    48.006    47.655 33 56408.46348982  5.379
 178  87.799408  66.086445     5.057     4.410 33 56418.37912672 27.739
 179  87.798568  66.084977    17.545    17.556 34 56428.29475927 46.489
 180  87.799621  66.084321    18.538    18.515 33 56438.21041323 44.509
 181  87.796723  66.084448    13.361    13.359 34 56448.12606425 56.460
 182  87.799190  66.085125    16.289    13.767 34 56458.04171356 22.536
 183  87.797418  66.084689     6.413     6.343 33 56467.95735918 33.886
 184  87.797464  66.083439     7.995     8.476 33 56477.87300091 26.923
 185  87.797305  66.081770     4.613     4.633 34 56487.78863881 46.128
 187  87.796478  66.081920     2.980     2.975 33 56507.61990828 39.226
 188  87.796464  66.083330    10.042    10.610 33 56517.53554560 22.767
 189  87.797008  66.084056    19.638    19.124 34 56527.45119997 19.873
 190  87.796824  66.083657    47.944    48.529 33 56537.36684999 14.762
 192  87.796932  66.082624    50.803    51.042 34 56557.19813964 15.018
 193  87.797729  66.083828    12.474    13.042 34 56567.11378228 26.091
 194  87.797531  66.085662     3.349     3.329 34 56577.02942351 36.497
 195  87.798007  66.086625     3.222     3.220 34 56586.94506131 49.518
 196  87.798904  66.086283     4.252     4.248 33 56596.86070140 46.578
 197  87.798645  66.085285     5.079     5.050 34 56606.77635324 20.262
 198  87.799437  66.084650     4.713     4.708 33 56616.69200028 22.524
 199  87.799639  66.084543     7.303     4.608 33 56626.60764383 24.175
 200  87.798231  66.084480     3.979     3.980 33 56636.52328448 23.578
 201  87.797217  66.083899     3.852     3.835 34 56646.43892494 24.331
 202  87.796890  66.082957     3.764     3.412 34 56656.35457716 24.845
 203  87.797326  66.081947     8.914    11.282 34 56666.27022510 22.233
 205  87.798929  66.082898     4.244     3.721 34 56686.10151472 19.993
 206  87.798995  66.083822     3.705     3.107 33 56696.01715693 20.377
 207  87.798014  66.083909     4.517     3.226 34 56705.93279448 19.790
 208  87.797841  66.083253     3.979     3.302 34 56715.84842702 20.809
 209  87.797437  66.083023    46.179    46.812 34 56725.76408046 12.168
 211  87.797486  66.085328     4.103     3.712 33 56745.59537614 19.907
 212  87.797521  66.086386    36.410    37.229 33 56755.51101803  4.906
 213  87.796485  66.086304     3.818     3.859 33 56765.42665417 22.702
 214  87.798044  66.085503     5.086     5.130 34 56775.34229317 17.310
 215  87.796703  66.085106     7.560     7.541 33 56785.25794980 38.169
 216  87.797680  66.085243    17.578    17.590 33 56795.17360300 29.892
 217  87.797110  66.085345    15.380    15.535 34 56805.08925210 29.426
 219  87.797961  66.083374    13.847    13.673 33 56824.92053315 29.156
 220  87.797080  66.082177    42.409    58.327 34 56834.83616802 35.891
 221  87.797815  66.082029     7.709     7.595 33 56844.75179969 26.383
 222  87.797746  66.082857     4.970     4.822 33 56854.66744478 30.839
 223  87.799178  66.083847    16.515    16.670 33 56864.58309860 26.510
 224  87.799353  66.084068    51.788    51.933 33 56874.49875159 13.790
 225  87.797161  66.083700    24.201    22.313 33 56884.41440119 18.413
 226  87.796273  66.083306    54.774    55.585 33 56894.33004777 14.620
 227  87.797978  66.083734    57.087    57.566 33 56904.24569140 16.115
 228  87.799152  66.085067    57.821    58.107 33 56914.16133294 16.640
 229  87.799067  66.086373     8.302     6.976 34 56924.07697261 24.845
 230  87.796769  66.086799     4.661     4.668 33 56933.99260943 40.959
 231  87.796364  66.086051     3.999     3.912 34 56943.90824112 30.913
 232  87.797911  66.084921     3.784     3.753 34 56953.82388868 48.755
 233  87.799222  66.084390     4.573     4.589 34 56963.73953894 39.081
 234  87.799658  66.084867    11.381    11.429 33 56973.65518439 24.821
 235  87.798254  66.085403     4.477     4.471 34 56983.57082534 26.662
 236  87.798188  66.084810     4.474     4.153 33 56993.48646159 21.859
 237  87.798755  66.082959     4.115     3.852 33 57003.40209863 22.212
 238  87.798384  66.081466    10.859    12.140 33 57013.31775508 22.651
 239  87.799496  66.081481     4.673     4.418 34 57023.23340636 21.989
 240  87.796948  66.083165    50.862    50.287 33 57033.14905473 13.586
 241  87.796830  66.084720     4.400     4.182 34 57043.06470104 21.574
 242  87.798041  66.084914    47.130    46.701 33 57052.98034510 14.221
 243  87.799141  66.083650     5.279     4.004 34 57062.89598466 20.359
 244  87.797459  66.082661     6.846     3.820 33 57072.81161879 21.341
 245  87.799749  66.083334     3.942     3.841 33 57082.72724942 22.693
 246  87.796639  66.085370     3.787     3.747 34 57092.64289648 21.605
 247  87.797082  66.087359     5.895     4.317 34 57102.55855367 19.083
 248  87.796637  66.087515     5.374     4.214 34 57112.47420713 21.557
 249  87.796290  66.085916    55.971    55.876 33 57122.38985463  6.467
 250  87.797870  66.084218    10.660    10.133 33 57132.30549677 10.661
