# NaN NaN NaN ;Mean Elev.(m), Avg Gradient(m/km), RMS Gradient(m/km) - SRTM1     
#  -13.956  -0.775   6.141 ;Mean Elev.(m), Avg Gradient(m/km), RMS Gradient(m/km) - ASTER GDEM
#    1.130  -1.019   4.611 ;Mean Elev.(m), Avg Gradient(m/km), RMS Gradient(m/km) - GMTED2010 
   1  87.981943  65.970649    18.911    18.703 12 54661.35951282 25.332
   2  87.981739  65.970651    17.867    17.878 11 54671.27515816 27.075
   3  87.979034  65.971644   -10.364   -10.582 11 54681.19080172 13.181
   4  87.980166  65.972459    17.455    17.841 11 54691.10644446 30.451
   5  87.980898  65.972555    -8.610    -9.441 11 54701.02208488 15.968
   6  87.981516  65.971212     8.675     9.000 11 54710.93773157 28.557
   7  87.981720  65.969530     8.369     8.525 12 54720.85338284 20.657
   8  87.981281  65.968137    14.023    12.898 12 54730.76903142 20.813
   9  87.980473  65.968014     8.384     8.812 11 54740.68467830 25.804
  10  87.980294  65.968400     4.434     4.463 12 54750.60032520 36.791
  11  87.978968  65.968759     5.301     4.660 11 54760.51597182 36.462
  12  87.980681  65.968274     4.594     4.529 12 54770.43161636 53.456
  13  87.980038  65.967637     6.686     6.697 12 54780.34725743 42.169
  14  87.978506  65.967148     5.194     5.164 12 54790.26289586 29.085
  15  87.979145  65.967582     6.433     5.783 12 54800.17853339 23.406
  17  87.980388  65.969839    10.492    10.406 11 54820.00981000 17.499
  18  87.981000  65.970114     9.651     9.819 12 54829.92546233 17.152
  19  87.978915  65.970348    10.595    10.623 11 54839.84110093 14.846
  20  87.981796  65.970683     9.395     9.773 12 54849.75675022 14.685
  21  87.980534  65.971661    10.013    10.189 11 54859.67239865 15.075
  22  87.981218  65.972251     9.880    10.180 11 54869.58804738 14.628
  23  87.981455  65.971468     9.918    10.084 11 54879.50369503 14.621
  24  87.980462  65.969620     9.415     9.780 12 54889.41933945 14.635
  25  87.980811  65.967684    10.619     9.687 12 54899.33498083 14.158
  26  87.979587  65.967461     9.256     9.629 11 54909.25061971 14.435
  27  87.979364  65.968517     9.538     9.577 12 54919.16625741 14.065
  28  87.981661  65.969301     8.665     9.809 12 54929.08189508 15.160
  29  87.980435  65.968943    18.949    18.318 12 54938.99753161 11.014
  30  87.980759  65.967778     6.454     6.478 12 54948.91316664 28.483
  31  87.980272  65.966966     8.451     8.414 12 54958.82880380 22.270
  32  87.976801  65.967501    11.738    11.724 12 54968.74445200 34.054
  33  87.978843  65.968621    17.362    17.372 11 54978.66009955 52.052
  34  87.981787  65.969475    18.228    18.183 12 54988.57574714 30.240
  35  87.981646  65.969647    15.317    15.438 12 54998.49139459 26.559
  36  87.980825  65.969676     9.952     9.407 11 55008.40704020 28.328
  37  87.980386  65.969953    18.085    18.447 12 55018.32268394 25.643
  38  87.979965  65.970970     6.077     6.068 11 55028.23832629 50.520
  39  87.980423  65.972155     5.669     4.774 11 55038.15396822 51.263
  40  87.984025  65.972466    10.708    11.040 11 55048.06960932 28.675
  41  87.983008  65.971342    11.293    10.615 11 55057.98524804 28.122
  42  87.980755  65.969162     7.687     8.096 11 55067.90088593 26.270
  43  87.981535  65.967149     7.937     9.147 12 55077.81653619 25.651
  44  87.979623  65.967114     4.103     4.115 12 55087.73218375 26.205
  45  87.980143  65.968367     7.491     8.514 12 55097.64782990 23.834
  46  87.980126  65.969516     3.909     3.915 11 55107.56347555 33.180
  47  87.980884  65.969004    13.327    12.478 12 55117.47912060 17.714
  48  87.978132  65.967373     5.564     4.615 12 55127.39476306 37.857
  49  87.980561  65.965893     6.242     6.106 12 55137.31040374 48.850
  50  87.979633  65.966367     7.261     5.419 12 55147.22604224 31.815
  51  87.979976  65.968421    10.237    10.350 11 55157.14168016 20.878
  52  87.979654  65.970218    10.717    10.716 11 55167.05731798 18.431
  53  87.982180  65.970725     9.941     9.999 11 55176.97295567 17.236
  54  87.978877  65.970157    10.124    10.117 11 55186.88859858 16.237
  55  87.979456  65.969752     9.953    10.020 12 55196.80424960 15.856
  56  87.983185  65.970401     9.441     9.598 11 55206.71989970 15.574
  57  87.984505  65.971817    11.072     9.941 11 55216.63554896 14.936
  58  87.984176  65.972198    11.281    10.147 11 55226.55119748 12.949
  59  87.978924  65.970819    10.058    10.103 11 55236.46684308 13.410
  60  87.979872  65.967989     9.604     9.603 12 55246.38248589 13.825
  61  87.977084  65.966127     9.379     9.473 12 55256.29812571 13.414
  62  87.977401  65.966556    11.952     9.710 12 55266.21376458 12.608
  63  87.981564  65.968497    16.656    17.336 12 55276.12940306 12.539
  64  87.980280  65.969992    18.244    17.786 12 55286.04504010 13.541
  65  87.981778  65.969325    15.502    15.110 12 55295.96067537 13.998
  66  87.978702  65.967327    19.730    19.673 12 55305.87631498 11.736
  67  87.980268  65.965727    12.287    10.002 12 55315.79196216 12.319
  68  87.980925  65.966424     6.824     6.642 12 55325.70760770 23.635
  69  87.981304  65.968641    11.415    11.460 11 55335.62325198 30.356
  70  87.982969  65.970415    18.063    18.079 11 55345.53889599 53.164
  71  87.981646  65.970753    22.537    24.699 11 55355.45453871 24.363
  72  87.981190  65.970252    13.623    13.391 12 55365.37017952 50.691
  73  87.980075  65.969962    17.949    18.017 11 55375.28581872 21.279
  74  87.979206  65.970727     9.239    10.436 11 55385.20145687 28.349
  75  87.983183  65.971582    17.745    18.031 11 55395.11709459 26.883
  76  87.983984  65.972027     6.432     5.634 11 55405.03273414 27.515
  77  87.983514  65.970623     7.281     5.087 11 55414.94838564 29.482
  78  87.978923  65.968272     7.978     9.346 12 55424.86403366 26.866
  79  87.977677  65.966317    18.278    18.449 12 55434.77967933 17.285
  80  87.980395  65.966299     6.325     6.434 12 55444.69532385 26.499
  81  87.978985  65.968042     6.630     5.885 11 55454.61096687 29.328
  82  87.980316  65.969698     5.805     5.811 11 55464.52660938 39.786
  83  87.979940  65.969502    16.990    18.073 12 55474.44224914 20.016
  84  87.978800  65.967724    16.833    17.271 11 55484.35788591 20.433
  85  87.978234  65.966044     8.386     8.925 12 55494.27352065 22.606
  86  87.980028  65.966597     4.014     3.969 12 55504.18915447 39.391
  87  87.979333  65.968833     4.754     4.763 12 55514.10480332 42.287
  88  87.981327  65.970861     5.386     5.343 11 55524.02045306 38.087
  89  87.982406  65.971364     4.806     4.806 11 55533.93610101 34.613
  90  87.981835  65.970554     4.335     4.346 11 55543.85174699 29.613
  91  87.981480  65.969897     4.357     4.340 12 55553.76739104 26.295
  92  87.980217  65.970363     5.093     5.058 12 55563.68303387 24.915
  93  87.979688  65.971230     6.598     5.370 11 55573.59867613 23.089
  94  87.978806  65.971169     6.764     6.473 11 55583.51431699 22.017
  95  87.980035  65.969703     7.761     8.210 12 55593.42995468 19.687
  96  87.977317  65.967951     8.247     8.798 12 55603.34558867 19.469
  97  87.979621  65.966872     7.472     8.129 12 55613.26122104 19.396
  98  87.977399  65.967514     8.875     9.230 12 55623.17685728 18.976
  99  87.978726  65.968665     8.534     8.955 12 55633.09251021 18.485
 100  87.980480  65.969243     8.466     8.736 11 55643.00816093 18.425
 101  87.980200  65.968860     7.267     7.853 12 55652.92380863 16.624
 102  87.977526  65.967533    13.059    10.869 12 55662.83945186 15.201
 103  87.981923  65.966542     4.928     4.920 12 55672.75509268 45.609
 104  87.980892  65.967193    11.829    11.819 12 55682.67073147 34.806
 105  87.981545  65.969062    17.577    17.664 11 55692.58636888 27.147
 106  87.981389  65.970870    19.000    18.680 12 55702.50200464 29.176
 107  87.984095  65.971385    14.475    14.500 11 55712.41764801 52.027
 108  87.980675  65.971125    17.508    18.145 11 55722.33329717 28.780
 109  87.981457  65.970701     6.735     4.748 11 55732.24894471 29.929
 110  87.981563  65.970650    16.302    17.416 12 55742.16459094 29.995
 111  87.981427  65.970666     6.062     4.537 11 55752.08023585 27.698
 112  87.981842  65.970078    12.706    11.479 11 55761.99587853 25.297
 113  87.981230  65.969003     7.617     8.665 11 55771.91151829 27.540
 114  87.980182  65.967607     4.966     4.249 11 55781.82715451 28.242
 115  87.979724  65.967253     6.179     6.203 11 55791.74278814 43.332
 116  87.980486  65.967900    15.643    13.624 12 55801.65842101 19.924
 117  87.981182  65.968750     7.636     6.325 11 55811.57407118 27.889
 118  87.979841  65.969166     5.134     5.075 11 55821.48971961 32.701
 119  87.980337  65.968647    11.506    10.558 12 55831.40536346 19.270
 120  87.979485  65.967722     4.576     4.591 11 55841.32100265 46.789
 121  87.979380  65.967442     4.273     4.264 11 55851.23663884 32.575
 122  87.979225  65.968634     7.293     5.588 12 55861.15227295 45.354
 123  87.980593  65.969986     5.119     5.124 11 55871.06792595 44.030
 133  87.981130  65.967431    10.038    10.075 12 55970.22436610 18.143
 134  87.981581  65.968735     9.954     9.976 12 55980.14000239 19.078
 135  87.980144  65.969325     9.553     9.842 12 55990.05563762 20.155
 136  87.979562  65.968819    10.161    10.263 11 55999.97128142 19.956
 137  87.981797  65.967577     9.457     9.862 12 56009.88693237 19.919
 138  87.978420  65.967364    10.146    10.239 12 56019.80257870 17.715
 139  87.980229  65.967960     7.657     8.002 12 56029.71822251 16.324
 141  87.980394  65.970573     4.730     4.710 11 56049.54950393 20.561
 142  87.982802  65.971114     7.795     7.236 11 56059.46514118 28.179
 143  87.981878  65.970993    17.957    16.923 11 56069.38077601 28.647
 144  87.982513  65.970670    15.741    15.741 11 56079.29642715 52.066
 145  87.981836  65.970880    12.768    12.474 11 56089.21207545 33.831
 146  87.979208  65.971522     8.654     7.344 11 56099.12772108 30.497
 147  87.980013  65.970985     5.683     5.685 11 56109.04335310 43.896
 148  87.979557  65.969332    12.444    11.072 12 56118.95899370 23.801
 149  87.979783  65.967465     3.926     3.823 11 56128.87463071 52.175
 150  87.980064  65.966750     3.218     3.337 12 56138.79026428 38.271
 151  87.977324  65.967911     3.286     3.271 12 56148.70591219 51.015
 152  87.980158  65.969406     8.043     8.736 11 56158.62156147 26.152
 153  87.982132  65.969885     3.235     3.216 11 56168.53720954 43.659
 154  87.979531  65.968880     7.168     7.353 11 56178.45285422 30.216
 155  87.977417  65.967506     3.740     3.665 12 56188.36849452 46.365
 156  87.979302  65.967055     7.107     7.580 11 56198.28413179 25.988
 157  87.981082  65.968558     3.446     3.426 11 56208.19976616 43.611
 158  87.983985  65.970773     3.054     3.058 11 56218.11539897 52.692
 159  87.979193  65.972325     3.552     3.575 11 56228.03104343 40.480
 160  87.983028  65.971608     7.282     7.323 11 56237.94669806 27.823
 161  87.981364  65.970603     7.076     7.772 11 56247.86234834 24.629
 162  87.980769  65.970076     7.890     8.604 12 56257.77799371 22.936
 163  87.980628  65.970808     9.508     9.735 11 56267.69363581 21.199
 164  87.978898  65.971600    10.244    10.537 11 56277.60927606 19.767
 165  87.982796  65.971033     9.900     9.858 11 56287.52492473 17.975
 166  87.978707  65.969122    10.003    10.124 12 56297.44057366 17.931
 167  87.976139  65.966947     9.674    10.095 12 56307.35621880 18.191
 168  87.978618  65.966065     9.670     9.758 12 56317.27186158 16.981
 169  87.977454  65.967746     9.848    10.003 12 56327.18750249 16.797
 170  87.981763  65.969648     8.811     9.392 12 56337.10314289 17.269
 171  87.979045  65.970594    10.344    10.418 11 56347.01878106 16.153
 172  87.980504  65.969347     9.621     9.911 11 56356.93441711 15.668
 173  87.979889  65.967454     9.579     9.566 11 56366.85006530 16.224
 176  87.981785  65.971125     9.091     9.694 11 56396.59700304 16.102
 177  87.982995  65.972409    19.159    18.964 11 56406.51264442  8.537
 178  87.979871  65.972246     4.419     4.385 11 56416.42828188 35.588
 179  87.979968  65.970913    16.924    16.808 11 56426.34391493 31.691
 180  87.982728  65.969804    17.038    16.950 11 56436.25956552 30.612
 181  87.980900  65.970106    15.010    14.997 11 56446.17521709 52.507
 182  87.982654  65.970998    11.233    11.093 11 56456.09086665 55.272
 183  87.979375  65.970981    18.378    18.332 11 56466.00651267 25.434
 184  87.979587  65.969264     5.979     5.983 12 56475.92215519 53.239
 185  87.980963  65.966977     5.454     5.421 12 56485.83779429 50.877
 187  87.977554  65.967956     3.786     3.665 12 56505.66906442 41.573
 188  87.981602  65.970183     3.580     3.701 11 56515.58469767 51.573
 189  87.983785  65.970796     7.263     7.469 11 56525.50035216 31.821
 190  87.980819  65.969784     3.929     3.974 12 56535.41600266 44.364
 192  87.978473  65.967630     4.816     4.918 12 56555.24729368 30.782
 193  87.981348  65.969133     4.739     4.750 12 56565.16293669 44.628
 194  87.984790  65.971449    14.725    17.228 11 56575.07857839 18.884
 195  87.983114  65.972987     3.348     3.206 10 56584.99421669 38.573
 196  87.982486  65.972586     4.360     4.249 11 56594.90985283 48.776
 197  87.979040  65.971066     5.498     5.493 11 56604.82550544 31.073
 198  87.980860  65.969785     5.609     5.666 12 56614.74115371 22.222
 199  87.980154  65.970001     6.761     5.699 11 56624.65679790 18.772
 200  87.982910  65.970424     7.899     8.675 11 56634.57243960 19.057
 201  87.981021  65.970694     7.513     8.311 12 56644.48807650 18.158
 202  87.981870  65.969230     7.377     7.722 12 56654.40372950 18.401
 203  87.980017  65.967504     9.306    10.144 11 56664.31937802 17.334
 205  87.978557  65.967848     7.639     8.207 12 56684.15066864 15.813
 206  87.980227  65.969487     7.589     8.324 12 56694.06631148 15.506
 207  87.981829  65.970497     7.321     7.231 11 56703.98194997 15.577
 208  87.979938  65.970068     7.610     8.447 12 56713.89758283 15.712
 209  87.981917  65.968649     7.423     8.085 12 56723.81323275 15.997
 210  87.981629  65.968285     8.746     9.618 12 56733.72888320 14.978
 211  87.982562  65.969741    15.197    17.104 11 56743.64453030 14.317
 212  87.982616  65.971759    18.529    18.310 11 56753.56017298 10.421
 213  87.981403  65.972884     4.110     4.081 11 56763.47581017 24.845
 214  87.982110  65.972336     5.343     5.412 11 56773.39144386 22.845
 215  87.980682  65.970902     7.894     7.897 11 56783.30710122 33.338
 216  87.982839  65.969791    16.417    16.554 11 56793.22275524 29.954
 217  87.981704  65.969704    17.590    17.080 12 56803.13840611 27.004
 218  87.980319  65.969993    13.997    14.011 11 56813.05404905 47.108
 219  87.980297  65.969666    14.538    13.824 12 56822.96968862 30.884
 220  87.979814  65.968810    12.858    12.899 12 56832.88532398 38.469
 221  87.980013  65.968035     9.098     8.375 11 56842.80095598 27.188
 222  87.979124  65.968113    18.562    18.408 11 56852.71659632 22.203
 223  87.979225  65.968720     4.935     4.925 11 56862.63225042 52.763
 224  87.980362  65.969539     5.624     5.605 12 56872.54790403 40.683
 225  87.980159  65.969791     5.429     5.428 11 56882.46355444 50.144
 226  87.979433  65.969538    17.346    17.674 12 56892.37920125 21.898
 227  87.979621  65.969051    18.270    18.311 11 56902.29484505 22.398
 228  87.981515  65.969534    17.859    17.816 11 56912.21048707 22.879
 229  87.979068  65.970816    16.437    17.422 11 56922.12612708 28.769
 230  87.984587  65.971856     5.387     5.396 11 56932.04176556 45.247
 231  87.980117  65.972483     6.850     8.298 11 56941.95739793 32.140
 232  87.983118  65.971704     4.089     4.074 11 56951.87304081 53.114
 233  87.983259  65.970589     5.234     5.201 11 56961.78869194 41.694
 234  87.980841  65.970220     5.426     4.941 11 56971.70433787 23.602
 235  87.982761  65.970145     5.068     5.069 11 56981.61998008 22.417
 236  87.980393  65.970188     6.099     5.960 11 56991.53561742 18.752
 237  87.979075  65.969626     5.920     4.408 11 57001.45124928 19.244
 238  87.980268  65.968422     5.578     4.485 11 57011.36690694 19.443
 239  87.981721  65.967675     6.118     4.854 12 57021.28255879 19.204
 240  87.980241  65.968318     8.826     9.267 11 57031.19820748 16.240
 241  87.979230  65.969262    10.273    10.416 11 57041.11385431 15.145
 242  87.982238  65.969785    12.567    10.853 11 57051.02949942 12.820
 243  87.978976  65.969776    10.566    10.578 11 57060.94513982 13.982
 244  87.980900  65.969440     9.838    10.130 11 57070.86077514 15.726
 245  87.982044  65.969777    11.705    10.317 11 57080.77640606 14.221
 246  87.980670  65.971074    10.728    10.718 11 57090.69204732 13.449
 247  87.982009  65.972227    15.165    15.439 11 57100.60770509 14.198
 248  87.980269  65.972705    13.868    12.593 11 57110.52335945 12.587
 249  87.981495  65.971770    20.867    21.542 11 57120.43900849 13.607
 250  87.982977  65.970368    14.405    16.578 11 57130.35465177  7.185
