# NaN NaN NaN ;Mean Elev.(m), Avg Gradient(m/km), RMS Gradient(m/km) - SRTM1     
#   -6.995  -0.089   3.994 ;Mean Elev.(m), Avg Gradient(m/km), RMS Gradient(m/km) - ASTER GDEM
#    1.497  -0.154   4.562 ;Mean Elev.(m), Avg Gradient(m/km), RMS Gradient(m/km) - GMTED2010 
   1  87.929968  66.085079     6.332     6.302  8 54664.32613413 49.281
   2  87.932060  66.085999    75.692    72.760  8 54674.24177909 18.279
   3  87.928870  66.087511     7.855     7.649  7 54684.15742215 32.135
   4  87.927961  66.088367    11.032    11.280  7 54694.07306404 31.120
   5  87.930890  66.087576     7.048     5.623  7 54703.98870380 40.626
   6  87.931712  66.085303     5.277     5.286  7 54713.90435433 54.939
   7  87.935018  66.083104     4.737     4.770  8 54723.82000527 30.066
   8  87.934543  66.082416    55.905    54.296  9 54733.73565355 12.310
   9  87.934820  66.083563    54.122    53.870  8 54743.65130047 12.785
  10  87.931359  66.084818    17.104    17.682  8 54753.56694671 26.334
  11  87.934620  66.084459     4.273     4.104  8 54763.48259298 33.864
  12  87.933712  66.082662     4.060     4.025  8 54773.39823629 49.436
  13  87.934441  66.081144     5.080     5.066  9 54783.31387701 29.904
  14  87.936657  66.081308     6.795     7.227  9 54793.22951564 25.442
  17  87.928539  66.085642    18.620    18.500  8 54822.97643269 17.258
  18  87.932653  66.084658    15.175    14.349  8 54832.89207336 17.748
  19  87.933950  66.084426    10.160     9.908  8 54842.80772359 17.663
  20  87.930313  66.085638    12.821    12.515  7 54852.72337220 17.102
  21  87.930452  66.087383    16.173    16.719  7 54862.63902083 16.596
  22  87.927595  66.088213    15.172    15.347  6 54872.55466913 15.738
  23  87.931195  66.086883    19.436    18.623  7 54882.47031602 14.773
  24  87.932937  66.084150    14.630    13.166  9 54892.38595944 14.847
  25  87.932472  66.081941    19.507    23.762  9 54902.30159986 14.759
  26  87.932511  66.081996    26.053    25.875  9 54912.21723883 14.362
  27  87.933984  66.083627    14.848    13.450  8 54922.13287694 15.429
  28  87.932920  66.085064    15.699    15.669  8 54932.04851410 18.613
  29  87.931612  66.084657    45.993    48.659  8 54941.96414962 12.459
  30  87.934613  66.082772     8.269     8.349  8 54951.87978381 25.089
  31  87.938548  66.080997     9.175     9.190  9 54961.79542626 31.732
  32  87.936563  66.081481    12.623    12.592  9 54971.71107472 34.483
  33  87.933951  66.083409    17.416    17.430  9 54981.62672199 44.532
  34  87.932214  66.085310    17.672    17.590  8 54991.54236902 33.969
  35  87.929991  66.085725    55.868    55.626  8 55001.45801553 13.113
  36  87.930676  66.085318    14.778    14.335  8 55011.37366054 25.033
  37  87.931207  66.084794    60.187    60.889  8 55021.28930405  7.964
  38  87.929751  66.085627     5.018     5.031  8 55031.20494634 56.238
  39  87.931208  66.086935    57.646    59.936  7 55041.12058821  7.501
  40  87.929971  66.087814     4.060     4.059  7 55051.03622838 50.238
  41  87.928462  66.086799     3.971     3.971  7 55060.95186639 57.040
  42  87.932188  66.084157    10.558    10.304  9 55070.86750864 28.031
  43  87.938150  66.081654    59.377    59.794  9 55080.78315824  5.724
  44  87.937577  66.081376    60.726    59.628  9 55090.69880543  9.405
  45  87.932558  66.083066    60.051    59.755  8 55100.61445137  9.242
  46  87.931799  66.084791    58.670    57.594  8 55110.53009721 11.491
  47  87.929655  66.084709    56.060    54.441  8 55120.44574118  9.559
  48  87.934975  66.082625     3.754     3.731  9 55130.36138316 48.146
  49  87.938641  66.080615    10.689    10.195  9 55140.27702302 29.186
  50  87.935923  66.080959    18.881    19.602 10 55150.19266133 23.959
  51  87.934380  66.083209    19.366    19.144  9 55160.10829960 22.582
  52  87.930288  66.085536    18.961    14.674  8 55170.02393725 20.053
  53  87.928556  66.086382    14.391    13.408  8 55179.93957388 19.440
  54  87.929234  66.085590    16.694    13.235  8 55189.85522122 19.219
  55  87.929469  66.085203    14.839    15.656  8 55199.77087169 18.176
  56  87.929729  66.085726    16.112    13.615  7 55209.68652139 17.349
  57  87.927856  66.086822    19.658    17.839  7 55219.60217040 15.610
  58  87.927927  66.086730    32.073    32.264  7 55229.51781870 16.345
  59  87.930987  66.085407    22.281    23.162  8 55239.43346411 16.534
  60  87.934763  66.083169    26.526    23.799  8 55249.34910601 16.445
  61  87.937269  66.081623    20.277    21.030  9 55259.26474546 17.600
  62  87.933499  66.081813    25.660    25.933  9 55269.18038357 15.476
  63  87.933580  66.083106    26.158    29.409  9 55279.09602184 16.251
  64  87.930102  66.084240    30.189    30.759  8 55289.01165850 15.045
  65  87.932179  66.084179    26.795    28.476  9 55298.92729329 15.701
  66  87.933386  66.082723    71.032    70.615  8 55308.84293712  4.714
  67  87.934355  66.081451    69.153    69.474  9 55318.75858328  3.775
  68  87.933461  66.081656     7.018     7.010  9 55328.67422819 30.410
  69  87.934552  66.083309    12.236    12.207  8 55338.58987275 34.448
  70  87.932694  66.085152    17.570    17.550  8 55348.50551665 56.295
  71  87.932071  66.086011    15.931    15.909  7 55358.42115883 55.894
  72  87.932079  66.085908    57.640    55.075  8 55368.33679898 16.389
  73  87.930496  66.085721    55.234    55.170  7 55378.25243753 14.677
  74  87.930489  66.086025     6.469     6.469  7 55388.16807545 57.018
  75  87.930820  66.086482    16.693    17.728  8 55398.08371247 25.690
  76  87.931342  66.086159    55.396    55.357  7 55407.99935702 11.271
  77  87.931373  66.084722    57.694    54.769  8 55417.91500801  7.453
  78  87.934321  66.082781    55.132    54.930  8 55427.83065580 10.003
  79  87.935099  66.081886    57.340    56.288  9 55437.74630068 13.357
  80  87.934353  66.082325     6.346     6.348  9 55447.66194404 55.070
  81  87.932687  66.083282    54.315    54.047  8 55457.57758699 11.720
  82  87.933042  66.083833    60.105    60.461  9 55467.49322944 10.779
  83  87.934511  66.083309     5.571     5.562  9 55477.40886875 52.142
  84  87.933191  66.082433    13.698    15.216  9 55487.32450467 25.081
  85  87.937192  66.081749     3.979     3.953  9 55497.24013885 56.339
  86  87.932512  66.082734     8.075     8.691  9 55507.15577526 32.767
  87  87.931044  66.084051     5.043     5.075  8 55517.07142556 44.085
  88  87.931607  66.085280     4.669     4.633  7 55526.98707512 36.908
  89  87.931837  66.085740     4.275     4.302  8 55536.90272266 32.048
  90  87.929820  66.085799     3.896     3.896  7 55546.81836777 27.103
  91  87.931147  66.085929     6.599     7.066  8 55556.73401138 24.808
  92  87.928770  66.086458    10.228     9.709  7 55566.64965376 22.069
  93  87.929277  66.086335    11.872    11.975  8 55576.56529573 20.856
  94  87.932891  66.085005    10.969    11.123  8 55586.48093610 21.957
  95  87.932328  66.083313    11.977    11.869  8 55596.39657293 19.968
  96  87.933379  66.082272    12.394    11.958  9 55606.31220686 19.275
  97  87.933826  66.082404    13.102    12.447  9 55616.22783865 19.014
  98  87.934610  66.083430    13.923    13.314  8 55626.14348109 17.836
  99  87.930994  66.083952    12.858    12.485  8 55636.05913272 18.161
 100  87.933384  66.083521    17.561    14.704  8 55645.97478283 20.234
 101  87.936095  66.082426    12.618    12.599  9 55655.89043021 16.719
 102  87.934335  66.081880    59.329    59.481  9 55665.80607268  6.442
 103  87.934036  66.082248     5.514     5.489  9 55675.72171231 36.484
 104  87.933411  66.083554    14.774    14.764  9 55685.63735014 35.851
 105  87.932061  66.084926    55.828    54.413  8 55695.55298675 16.513
 106  87.930925  66.085709    61.602    60.266  8 55705.46862212 16.160
 107  87.931581  66.085593    59.797    60.217  7 55715.38427042 11.947
 108  87.932647  66.085512     7.203     7.188  8 55725.29991939 52.768
 109  87.931504  66.086053    57.304    56.260  7 55735.21556628  7.949
 110  87.930462  66.086714    57.453    54.900  7 55745.13121191  7.044
 111  87.929397  66.086443     5.689     5.648  7 55755.04685588 52.690
 112  87.933370  66.084646    58.714    55.120  8 55764.96249798  8.832
 113  87.933639  66.082532    60.069    59.978  8 55774.87813690  8.715
 114  87.935488  66.081359     9.762    10.437 10 55784.79377280 26.502
 115  87.935840  66.082360     5.522     5.522  9 55794.70940630 48.897
 116  87.932224  66.084178    58.069    58.993  8 55804.62504383  8.841
 117  87.933333  66.084792    14.688    14.433  8 55814.54069334 26.663
 118  87.935054  66.083667    62.062    62.345  8 55824.45634066 10.545
 119  87.932498  66.082188    61.788    61.617  9 55834.37198298  9.928
 120  87.938507  66.081376    61.284    61.875  9 55844.28762222 12.591
 121  87.933208  66.082727     5.173     5.176  9 55854.20325745 49.710
 122  87.928850  66.084909     4.171     4.164  8 55864.11889519 51.155
 123  87.930316  66.086116     5.372     4.692  7 55874.03454886 38.737
 133  87.933433  66.082078    12.932    12.830  9 55973.19098501 21.473
 134  87.932807  66.084379    13.112    13.140  8 55983.10662106 23.372
 135  87.928892  66.085482    12.307    11.817  8 55993.02225491 22.775
 136  87.933089  66.084162    14.135    14.233  8 56002.93790437 22.184
 137  87.933562  66.081936    10.154    11.167  9 56012.85355386 24.497
 139  87.936243  66.082550    30.199    29.980  9 56032.68484340 12.065
 141  87.928125  66.087016     4.780     4.777  7 56052.51612251 27.645
 142  87.930862  66.086888    12.000    11.979  7 56062.43175844 36.631
 143  87.931251  66.085647    16.424    16.405  7 56072.34739874 30.673
 144  87.930030  66.084989    61.322    61.793  8 56082.26304893 17.487
 145  87.930100  66.085480    13.452    13.701  8 56092.17869671 26.193
 146  87.930732  66.086498    15.364    17.857  7 56102.09434225 25.410
 147  87.928521  66.086337    57.825    55.772  8 56112.00997320  6.998
 148  87.932881  66.084518    10.886    11.430  8 56121.92561281 27.540
 149  87.933404  66.082194     5.886     3.979  9 56131.84124827 29.110
 150  87.938554  66.081049     5.672     5.889  9 56141.75688464 28.172
 151  87.937333  66.082127    65.633    65.626  9 56151.67253538  3.663
 152  87.933166  66.084292    54.733    53.633  8 56161.58818411  6.409
 153  87.930382  66.085402     8.634     8.939  8 56171.50383115 28.755
 154  87.932285  66.084379     3.187     3.190  9 56181.41947422 56.529
 155  87.933790  66.082540     3.427     3.418  9 56191.33511343 52.433
 156  87.936530  66.081642    64.869    65.590  9 56201.25075000 11.700
 157  87.934651  66.083187     4.152     3.040  9 56211.16638396 36.808
 158  87.929948  66.085889     2.183     2.208  7 56221.08201575 53.486
 159  87.926714  66.087690     5.355     6.405  7 56230.99766749 31.672
 160  87.928431  66.087369    16.823    13.193  7 56240.91332055 24.754
 161  87.929942  66.086135    22.759    26.645  7 56250.82896953 23.920
 162  87.930618  66.085065    25.686    23.824  8 56260.74461367 23.047
 163  87.933069  66.085166    31.468    31.065  8 56270.66025559 20.926
 164  87.928828  66.085851    28.820    30.504  8 56280.57589516 19.483
 165  87.929504  66.085858    21.462    21.501  8 56290.49154738 19.149
 166  87.931744  66.084329    16.850    12.608  8 56300.40719560 18.482
 167  87.935466  66.082203    13.572    12.157  9 56310.32283988 18.480
 168  87.935607  66.081227    17.429    14.936  9 56320.23848153 17.176
 169  87.935886  66.082261    17.045    16.881  9 56330.15412242 17.118
 170  87.932623  66.084210    14.492    12.518  8 56340.06976230 17.309
 171  87.930840  66.085365    14.802    15.364  7 56349.98540014 16.269
 172  87.932039  66.084577    14.595    13.059  9 56359.90103730 16.026
 173  87.932687  66.082915    14.495    13.388  8 56369.81668750 15.965
 175  87.933035  66.083856    12.512    12.954  9 56389.64798004 15.004
 176  87.930057  66.086104    12.771    12.806  7 56399.56362302 14.000
 177  87.926878  66.087534    10.909     9.546  7 56409.47926343 13.436
 178  87.930530  66.087245     5.305     5.300  7 56419.39489990 36.267
 179  87.931474  66.086252    18.712    18.660  8 56429.31053479 40.530
 180  87.930457  66.085491    57.294    56.726  7 56439.22618819 13.126
 181  87.933645  66.085243    13.038    13.004  8 56449.14183949 55.020
 182  87.929596  66.085489    12.312    11.084  8 56459.05748793 28.583
 183  87.931526  66.084771     6.437     6.428  8 56468.97313362 48.765
 184  87.934410  66.083700    56.915    54.652  8 56478.88877543  6.041
 185  87.934150  66.082627     4.904     4.902  9 56488.80441303 53.938
 187  87.934822  66.083212     3.295     3.293  8 56508.63568202 56.642
 188  87.929519  66.084471     5.137     3.293  8 56518.55132109 29.834
 189  87.933201  66.084701     3.330     3.339  8 56528.46697542 51.160
 190  87.930769  66.084454     7.379     8.044  8 56538.38262500 30.542
 191  87.934293  66.083593     5.087     5.096  8 56548.29827106 44.258
 192  87.933884  66.083705    59.685    59.299  9 56558.21391424  7.196
 193  87.934812  66.084734    15.845    17.071  8 56568.12955664 29.457
 194  87.929790  66.086540     6.674     5.899  8 56578.04519718 27.142
 195  87.926976  66.087514     3.145     3.119  7 56587.96083429 52.218
 196  87.927248  66.087223     4.646     4.634  7 56597.87647640 42.986
 197  87.931212  66.086075     5.279     5.318  7 56607.79212819 29.815
 198  87.930184  66.085634     6.217     4.805  8 56617.70777457 19.034
 199  87.929759  66.085585    14.137    14.012  8 56627.62341765 20.817
 200  87.932543  66.085337     8.483     7.623  8 56637.53905822 19.571
 201  87.932459  66.084468    11.504    11.747  8 56647.45470045 18.573
 202  87.932389  66.083218    12.060    11.880  9 56657.37035239 18.411
 203  87.936149  66.082313    16.650    16.419  9 56667.28600037 16.282
 205  87.930690  66.084079    12.791    12.327  8 56687.11728879 16.363
 206  87.934789  66.084591    14.402    14.591  8 56697.03293097 15.456
 207  87.933953  66.084409    13.377    13.465  8 56706.94856811 15.997
 208  87.933785  66.083832    13.858    14.242  8 56716.86420302 16.228
 209  87.933366  66.083722    31.885    33.921  8 56726.77985605 12.930
 211  87.930171  66.086408    12.096    11.990  8 56746.61115043 16.794
 212  87.929836  66.087258    52.405    52.622  7 56756.52679167  8.017
 213  87.926811  66.087161     4.170     4.122  7 56766.44242691 24.063
 214  87.928927  66.086205     5.449     5.425  8 56776.35806875 23.110
 215  87.928763  66.085738    12.393    12.388  8 56786.27372521 33.034
 216  87.930002  66.085829    19.145    19.148  7 56796.18937817 51.802
 217  87.930962  66.085961    15.379    15.453  8 56806.10502654 31.952
 219  87.931163  66.083807    14.334    14.348  8 56825.93630667 56.230
 220  87.934578  66.082490    13.211    13.261  8 56835.85194176 26.765
 221  87.932066  66.082776    57.893    59.561  9 56845.76757304  9.717
 222  87.930625  66.083885     4.977     4.941  8 56855.68322047 31.191
 223  87.929531  66.085028     4.374     4.378  8 56865.59887384 48.884
 224  87.929002  66.085036    59.757    59.521  8 56875.51452629  6.365
 225  87.934205  66.084224     4.619     4.596  8 56885.43017616 43.657
 226  87.931894  66.083532    59.572    59.773  8 56895.34582243 10.439
 227  87.932178  66.083917    54.354    54.260  8 56905.26146582 12.049
 228  87.929953  66.085512    58.834    58.801  8 56915.17710682 12.148
 229  87.926368  66.087327    55.296    55.223  7 56925.09274587 14.091
 230  87.930293  66.087905    61.468    60.780  7 56935.00838269 11.767
 231  87.927564  66.087285     7.589     4.098  7 56944.92401364 31.710
 232  87.931180  66.085603     3.989     4.003  8 56954.83966390 46.729
 233  87.932286  66.084741     4.618     4.562  8 56964.75531368 40.823
 234  87.931948  66.085364    13.133    13.134  8 56974.67095871 23.716
 235  87.931019  66.086339     5.396     4.624  7 56984.58659925 22.381
 236  87.929155  66.086068    10.451    10.624  7 56994.50223460 18.584
 237  87.933805  66.084020     9.874     9.927  8 57004.41787459 18.491
 238  87.937237  66.081871    15.774    15.320  9 57014.33353073 19.217
 239  87.936997  66.081690    12.110    11.939  9 57024.24918167 16.745
 240  87.934865  66.083701    31.827    33.071  8 57034.16483002 15.683
 241  87.932766  66.085629    16.692    13.295  8 57044.08047593 16.905
 242  87.929290  66.085976    24.183    22.740  7 57053.99611907 15.673
 243  87.931654  66.084506    14.724    14.657  8 57063.91175810 16.447
 244  87.932376  66.083515    19.158    19.207  9 57073.82739201 14.375
 245  87.933418  66.084238    14.230    14.157  8 57083.74302234 16.312
 246  87.931588  66.086430    13.699    13.883  7 57093.65867259 17.087
 247  87.927109  66.088378    17.452    17.438  7 57103.57432899 17.269
 248  87.926304  66.088544    13.784    13.382  6 57113.48998180 18.932
 249  87.930226  66.086790    73.044    73.562  7 57123.40562899  6.909
 250  87.933009  66.084896     5.859     6.079  8 57133.32127069 16.319
