# NaN NaN NaN ;Mean Elev.(m), Avg Gradient(m/km), RMS Gradient(m/km) - SRTM1     
#   26.464  -0.771   4.735 ;Mean Elev.(m), Avg Gradient(m/km), RMS Gradient(m/km) - ASTER GDEM
#   39.451  -0.881   4.965 ;Mean Elev.(m), Avg Gradient(m/km), RMS Gradient(m/km) - GMTED2010 
   1  89.826568  60.805957    50.407    51.077  5 54659.24702538 25.362
   2  89.827306  60.806374    42.133    38.975  5 54669.16267170 25.049
   3  89.822983  60.806262   119.154   120.541  5 54679.07831544 11.241
   4  89.823479  60.807654    38.000    37.997  5 54688.99395858 42.065
   6  89.826120  60.806656    38.535    38.284  5 54708.82524302 51.484
   8  89.827139  60.804750    38.538    38.360  5 54728.65654329 33.923
   9  89.827488  60.805416    48.891    49.707  5 54738.57219087 29.544
  10  89.825236  60.806195    54.389    54.459  5 54748.48783818 28.171
  11  89.823286  60.806887    53.881    54.699  4 54758.40348523 26.425
  12  89.824228  60.806986    43.050    38.183  5 54768.31913026 30.737
  13  89.826215  60.805728    37.693    37.571  5 54778.23477184 45.720
  14  89.830873  60.805303    38.500    38.597  5 54788.15041127 43.565
  15  89.831071  60.804795    42.071    42.027  5 54798.06604917 38.453
  17  89.827579  60.805195    40.939    40.976  5 54817.89732397 24.368
  18  89.827256  60.806509    41.216    41.227  5 54827.81297445 23.498
  19  89.825940  60.807115    41.485    41.447  5 54837.72861330 26.670
  20  89.820747  60.806921    41.562    41.565  5 54847.64426210 22.271
  21  89.820573  60.808419    41.764    41.727  4 54857.55991108 19.151
  22  89.818086  60.808836    42.072    41.950  4 54867.47555983 17.567
  23  89.817576  60.808388    42.888    42.863  4 54877.39120800 16.042
  24  89.821169  60.807803    42.130    42.031  4 54887.30685349 15.705
  25  89.824901  60.807065    41.812    41.660  5 54897.22249557 17.644
  26  89.823798  60.805801    41.646    41.668  5 54907.13813443 16.822
  27  89.827003  60.807004    41.827    41.611  5 54917.05377270 15.368
  28  89.826534  60.806985    41.746    41.677  5 54926.96941031 39.121
  29  89.825584  60.805760    42.060    42.030  5 54936.88504707 27.228
  30  89.829443  60.805171    42.936    42.941  4 54946.80068251 31.097
  31  89.833267  60.803970    51.789    51.810  4 54956.71631607 35.904
  32  89.832923  60.804106    56.809    55.920  4 54966.63196462 26.133
  33  89.831810  60.805120    53.558    54.905  5 54976.54761233 28.656
  35  89.827123  60.806584    42.317    42.139  5 54996.37890767 30.308
  36  89.825847  60.806841    42.602    39.410  5 55006.29455379 27.547
  37  89.825647  60.807450    39.341    39.345  5 55016.21019783 43.632
  38  89.822224  60.807252    38.715    38.712  4 55026.12584000 45.966
  39  89.821305  60.808246    38.677    38.617  5 55036.04148203 50.984
  40  89.818230  60.806987    38.523    38.510  4 55045.95712270 51.325
  41  89.826089  60.807364    38.723    38.680  5 55055.87276274 53.034
  42  89.829681  60.805194    38.565    38.587  5 55065.78839977 32.595
  43  89.830480  60.804730    48.651    47.371  5 55075.70404850 27.193
  44  89.828615  60.805272    39.184    38.385  5 55085.61969624 27.771
  45  89.824264  60.805738    38.699    38.783  5 55095.53534220 41.821
  46  89.824604  60.806751    38.634    38.579  5 55105.45098848 51.528
  47  89.826146  60.806745    40.119    38.532  5 55115.36663448 30.958
  48  89.827664  60.805682    41.752    38.446  5 55125.28227796 26.069
  49  89.829218  60.805021    38.245    38.304  5 55135.19791882 47.042
  50  89.829968  60.805079    38.213    38.210  5 55145.11355749 45.752
  51  89.828855  60.805694    40.283    40.317  5 55155.02919528 40.597
  52  89.826308  60.805527    43.580    43.481  5 55164.94483307 25.887
  53  89.826431  60.805615    54.843    54.873  5 55174.86047090 14.799
  54  89.829261  60.805820    50.242    52.976  5 55184.77611110 13.748
  55  89.827280  60.806458    45.419    43.181  5 55194.69176208 13.951
  56  89.823184  60.807373    43.270    43.238  5 55204.60741168 13.546
  57  89.818992  60.808208    43.458    43.412  4 55214.52306066 13.380
  58  89.817096  60.808156    44.971    45.201  4 55224.43870927 13.152
  59  89.821938  60.808047    44.370    44.407  5 55234.35435672 13.091
  60  89.827521  60.806745    49.985    53.999  5 55244.27000081 12.213
  61  89.828162  60.805131    45.492    43.225  5 55254.18564136 12.719
  62  89.828359  60.806029    51.406    53.446  5 55264.10128022 12.356
  63  89.824658  60.806709    43.413    43.159  5 55274.01691769 12.066
  64  89.822885  60.806260    55.369    55.489  5 55283.93255467 11.216
  65  89.826880  60.805106    55.366    55.360  5 55293.84819060 11.941
  66  89.834180  60.804446    55.103    55.235  5 55303.76382825 11.605
  67  89.833766  60.803796    42.713    42.726  4 55313.67947553 30.688
  68  89.831799  60.804820    47.089    44.851  5 55323.59512089 34.807
  69  89.827472  60.805931    54.539    54.800  5 55333.51076484 26.875
  70  89.824610  60.806748    53.232    54.640  5 55343.42640877 29.576
  71  89.826615  60.807345    41.491    40.482  5 55353.34205269 33.326
  72  89.826147  60.806434    51.279    51.498  4 55363.25769404 27.143
  73  89.827376  60.806724    39.903    39.894  5 55373.17333382 33.896
  74  89.825844  60.807035    39.248    39.196  5 55383.08897197 33.357
  75  89.823897  60.807146    39.257    39.203  4 55393.00460924 26.062
  76  89.824976  60.806605    45.789    44.746  5 55402.92024509 26.348
  77  89.826265  60.805718    39.033    38.957  5 55412.83589699 26.250
  78  89.830111  60.804801    42.074    38.708  5 55422.75154631 28.332
  79  89.833983  60.804922    48.810    52.955  5 55432.66719314 28.684
  80  89.828759  60.804822    48.540    47.454  5 55442.58283732 26.571
  81  89.825319  60.806123    39.391    39.677  5 55452.49848042 30.560
  82  89.823072  60.806599    52.888    54.896  5 55462.41412276 26.223
  83  89.827904  60.806470    52.676    53.697  5 55472.32976389 28.451
  84  89.831705  60.804740    48.810    47.561  5 55482.24540187 30.014
  85  89.833785  60.803254    38.470    38.392  5 55492.16103745 43.869
  86  89.833127  60.803405    38.097    38.011  5 55502.07667119 40.043
  87  89.830114  60.805460    38.178    38.235  5 55511.99231617 48.461
  88  89.825164  60.806605    38.070    38.034  4 55521.90796536 46.083
  89  89.823349  60.806905    39.706    39.699  4 55531.82361343 30.826
  90  89.823437  60.806370    40.444    40.465  5 55541.73925996 23.459
  91  89.826684  60.807225    41.753    41.925  5 55551.65490493 21.526
  92  89.823539  60.807329    42.794    42.914  5 55561.57054784 17.309
  93  89.820543  60.807595    42.579    42.595  4 55571.48619010 17.510
  94  89.821823  60.807728    42.678    42.892  4 55581.40183162 16.633
  95  89.825654  60.806218    42.975    42.558  5 55591.31747004 15.764
  96  89.831936  60.804388    47.454    42.427  5 55601.23310539 15.612
  97  89.837482  60.803747    52.247    54.592  5 55611.14873858 16.108
  98  89.835680  60.803335    54.729    54.799  5 55621.06437038 14.860
  99  89.828346  60.804647    52.211    54.386  5 55630.98002260 15.987
 100  89.826090  60.805775    49.258    47.467  5 55640.89567320 15.331
 101  89.827049  60.805224    53.797    54.183  5 55650.81132123 11.246
 102  89.833557  60.805125    55.174    55.236  5 55660.72696620 12.244
 103  89.831314  60.803463    45.337    45.683  5 55670.64260687 34.210
 104  89.829630  60.804141    43.447    43.428  5 55680.55824620 51.934
 105  89.829020  60.806024    40.344    40.257  5 55690.47388401 48.594
 106  89.826604  60.806246    53.204    54.788  4 55700.38951987 25.691
 107  89.825291  60.805556    39.008    38.972  5 55710.30515940 44.336
 108  89.825613  60.805792    38.773    38.703  5 55720.22080965 46.597
 109  89.825431  60.806279    38.283    38.233  5 55730.13645762 42.654
 110  89.823079  60.806293    38.860    38.837  5 55740.05210396 47.713
 111  89.822440  60.806839    39.101    39.199  5 55749.96774924 25.703
 112  89.824094  60.806913    38.793    38.632  4 55759.88339228 51.205
 113  89.825153  60.805434    40.324    38.964  5 55769.79903224 26.276
 114  89.829160  60.804074    38.333    38.344  5 55779.71466918 37.641
 115  89.834914  60.804031    38.443    38.530  5 55789.63030396 32.067
 116  89.834100  60.803392    38.884    38.686  5 55799.54593697 33.663
 117  89.829281  60.803959    40.389    38.495  5 55809.46158364 30.612
 118  89.828789  60.805550    47.652    47.826  5 55819.37723287 26.234
 119  89.829665  60.805232    38.390    38.233  4 55829.29287756 49.819
 120  89.831447  60.803811    37.974    37.954  5 55839.20851772 46.162
 121  89.832937  60.802951    38.285    38.227  5 55849.12415482 46.850
 122  89.833608  60.803820    38.240    38.089  4 55859.03978993 50.887
 123  89.829697  60.805657    37.871    37.718  5 55868.95543826 42.169
 133  89.829571  60.804559    41.063    41.094  5 55968.11188130 19.337
 134  89.829970  60.805097    41.061    41.085  4 55978.02751801 21.749
 135  89.828707  60.804578    40.966    40.866  5 55987.94315374 18.976
 136  89.830654  60.804647    40.648    40.656  5 55997.85879370 19.340
 137  89.832252  60.805209    40.398    40.344  5 56007.77444500 19.502
 138  89.831329  60.804720    54.438    54.536  4 56017.69009179 17.631
 139  89.827780  60.804507    40.370    40.413  5 56027.60573554 27.158
 141  89.824127  60.806012    42.504    41.276  5 56047.43701854 30.058
 142  89.824251  60.806216    41.061    41.036  5 56057.35265641 41.513
 143  89.827352  60.805999    50.455    50.385  4 56067.26829015 27.775
 144  89.825756  60.806145    39.306    39.289  5 56077.18393917 50.441
 145  89.825650  60.807315    38.256    38.107  5 56087.09958816 31.516
 146  89.823709  60.807226    38.945    38.806  4 56097.01523430 25.873
 147  89.825915  60.807235    38.333    38.218  5 56106.93087865 29.403
 148  89.827585  60.805800    38.051    38.047  5 56116.84650836 48.396
 149  89.831533  60.804929    37.920    37.851  5 56126.76214623 42.664
 150  89.833257  60.803936    37.959    37.961  5 56136.67778008 48.041
 151  89.831483  60.804365    37.883    37.937  5 56146.59342415 40.581
 152  89.827353  60.804768    38.312    38.127  5 56156.50907339 27.008
 153  89.829680  60.806570    37.946    37.837  5 56166.42472249 47.931
 154  89.828961  60.805881    37.876    37.773  5 56176.34036865 34.943
 155  89.832067  60.805756    37.818    37.573  5 56186.25601027 30.481
 156  89.832369  60.805025    37.286    37.225  5 56196.17164778 34.058
 157  89.832050  60.805396    37.101    37.131  5 56206.08728229 47.745
 158  89.828174  60.805114    37.358    37.365  5 56216.00291483 30.835
 159  89.826671  60.805677    37.336    37.401  5 56225.91855457 48.271
 160  89.824276  60.805816    36.750    36.715  5 56235.83420952 42.980
 161  89.825633  60.806366    41.508    41.391  5 56245.74986101 37.765
 162  89.825123  60.806409    42.967    42.936  5 56255.66550721 23.835
 163  89.824161  60.806982    46.710    41.782  5 56265.58114963 17.320
 164  89.824256  60.807610    42.759    42.718  5 56275.49679050 14.245
 165  89.823571  60.806740    42.818    42.864  5 56285.41243629 13.408
 166  89.827791  60.806314    42.798    42.797  5 56295.32808726 13.776
 167  89.831962  60.805765    42.718    42.706  5 56305.24373402 12.286
 168  89.830045  60.805015    44.519    42.598  5 56315.15937660 11.859
 169  89.827715  60.805979    42.620    42.697  5 56325.07501734 13.862
 170  89.824537  60.806250    42.617    42.622  5 56334.99065703 13.823
 171  89.828315  60.806728    42.716    42.781  5 56344.90629642 13.280
 172  89.830621  60.804984    52.262    53.663  5 56354.82193305 11.244
 173  89.831380  60.804074    42.225    42.297  5 56364.73757788 17.905
 174  89.828765  60.804429    51.985    53.614  5 56374.65322649 12.185
 176  89.821431  60.807368    49.188    48.571  4 56394.48451610 10.300
 177  89.821879  60.807985    43.895    42.204  4 56404.40015826 22.953
 178  89.823032  60.807127    45.783    45.610  4 56414.31579727 34.500
 179  89.828669  60.806435    42.345    42.378  5 56424.23143179 51.797
 180  89.827386  60.806022    40.578    40.537  4 56434.14707733 52.679
 181  89.823763  60.806800    40.217    40.007  5 56444.06272921 51.721
 182  89.821259  60.807818    40.084    40.032  5 56453.97837867 51.531
 183  89.821431  60.807432    39.546    39.482  5 56463.89402538 52.228
 184  89.827286  60.806950    39.153    38.955  5 56473.80966916 52.907
 185  89.830401  60.804914    38.674    38.537  5 56483.72530913 32.449
 187  89.829259  60.804366    38.110    38.074  5 56503.55658018 30.900
 188  89.829330  60.805304    38.335    38.321  5 56513.47221329 37.708
 189  89.828948  60.806064    38.142    38.161  5 56523.38786321 33.441
 190  89.830253  60.805783    38.699    38.615  5 56533.30351537 27.168
 192  89.830105  60.805261    38.202    38.227  5 56553.13480840 34.182
 193  89.827417  60.806933    48.614    49.032  5 56563.05045107 26.464
 194  89.821710  60.807551    38.310    38.170  5 56572.96609204 52.063
 195  89.820118  60.807480    42.604    43.291  5 56582.88173113 25.170
 196  89.824600  60.806405    37.622    37.525  5 56592.79736617 42.916
 197  89.826565  60.806037    38.410    38.388  5 56602.71301766 42.573
 198  89.828413  60.806735    37.448    37.525  5 56612.62866714 31.508
 199  89.825575  60.807078    37.569    37.533  5 56622.54431191 45.464
 200  89.822771  60.807103    37.849    37.691  5 56632.45995378 37.417
 201  89.823845  60.806311    37.413    37.421  5 56642.37559155 47.551
 202  89.828296  60.805928    41.039    41.048  5 56652.29124177 23.317
 203  89.830026  60.804811    50.221    54.437  5 56662.20689153 16.953
 204  89.831113  60.805094    44.027    44.076  5 56672.12253839 29.977
 205  89.829074  60.806716    43.417    43.413  5 56682.03818338 19.387
 206  89.824210  60.806829    51.294    53.764  4 56691.95382584 17.450
 207  89.826454  60.807301    51.889    53.946  5 56701.86946506 15.276
 208  89.827026  60.804687    54.793    54.901  5 56711.78509880 13.339
 210  89.828796  60.805879    48.936    49.313  5 56731.61639580 13.327
 211  89.823131  60.807019    52.180    53.265  5 56741.53204330 13.878
 212  89.820243  60.808441    42.710    42.811  5 56751.44768683 22.311
 213  89.818854  60.807862    43.177    43.219  4 56761.36332516 27.407
 214  89.822913  60.806499    45.022    45.013  5 56771.27895715 33.713
 215  89.824553  60.806599    40.388    40.375  5 56781.19461225 46.723
 216  89.824883  60.807167    40.536    40.559  5 56791.11026708 52.453
 217  89.820149  60.807111    39.625    39.563  5 56801.02591825 37.121
 218  89.820702  60.808285    39.801    39.681  5 56810.94156299 50.702
 219  89.820323  60.807399    39.749    39.657  4 56820.85720276 47.020
 221  89.829564  60.804145    38.563    38.370  5 56840.68847169 50.045
 222  89.834666  60.804437    38.423    38.346  5 56850.60410792 44.338
 223  89.827765  60.804817    38.030    38.064  5 56860.51976187 32.463
 224  89.826301  60.807271    42.096    38.982  5 56870.43541586 25.794
 225  89.822848  60.807316    39.109    38.946  4 56880.35106668 24.231
 226  89.823050  60.806878    43.074    39.330  4 56890.26671413 24.157
 227  89.823118  60.806057    39.289    39.137  5 56900.18235864 24.054
 228  89.824324  60.807338    38.662    38.493  5 56910.09800134 28.663
 229  89.821045  60.807777    46.272    45.185  4 56920.01364179 25.064
 230  89.819705  60.808339    38.580    38.419  4 56929.92928028 52.233
 231  89.822038  60.808031    38.316    38.207  5 56939.84491423 46.453
 232  89.823355  60.806377    38.224    38.215  5 56949.76055130 50.115
 233  89.825705  60.806705    37.206    37.178  5 56959.67620376 45.325
 234  89.825237  60.806570    37.609    37.582  5 56969.59185090 45.515
 235  89.824840  60.806608    37.140    37.125  5 56979.50749421 41.214
 236  89.825274  60.806420    41.795    42.205  5 56989.42313319 18.541
 237  89.830403  60.806179    41.547    41.724  5 56999.33876631 16.832
 238  89.828605  60.805246    41.900    41.908  5 57009.25441842 18.033
 239  89.829449  60.805254    44.102    41.232  5 57019.17007113 20.488
 240  89.828507  60.805484    43.970    41.075  5 57029.08572053 17.087
 241  89.828541  60.806871    41.536    41.110  5 57039.00136840 17.709
 242  89.824012  60.806466    44.743    43.223  5 57048.91701326 15.082
 243  89.823449  60.806083    40.521    40.606  5 57058.83265455 20.848
 244  89.827215  60.806036    40.504    40.536  5 57068.74829062 22.709
 245  89.827649  60.805029    51.891    54.476  5 57078.66392202 13.505
 246  89.828275  60.805404    46.386    41.145  5 57088.57955754 17.500
 247  89.823677  60.807062    40.678    40.631  5 57098.49521578 21.649
 248  89.819877  60.807935    54.222    54.136  4 57108.41087106 15.338
 249  89.819718  60.807767    48.766    47.806  4 57118.32652137 10.488
 250  89.822969  60.807602    40.894    40.930  5 57128.24216587 18.600
