# NaN NaN NaN ;Mean Elev.(m), Avg Gradient(m/km), RMS Gradient(m/km) - SRTM1     
#  -10.920  -0.371   6.229 ;Mean Elev.(m), Avg Gradient(m/km), RMS Gradient(m/km) - ASTER GDEM
#    1.334   0.263   3.384 ;Mean Elev.(m), Avg Gradient(m/km), RMS Gradient(m/km) - GMTED2010 
   1  87.825970  65.802669    18.724    19.476  7 54659.32796426 19.767
   2  87.827100  65.802361    20.134    19.169  7 54669.24361048 18.083
   3  87.821315  65.802848   -10.163   -10.193  7 54679.15925413 22.472
   4  87.816749  65.803830    14.766    13.825  8 54689.07489672 19.339
   5  87.817765  65.804414   -10.222   -10.294  8 54698.99053771 18.842
   6  87.820910  65.803558     6.496     6.516  8 54708.90618165 33.285
   7  87.823938  65.802037     5.899     5.982  7 54718.82183339 24.169
   8  87.826709  65.800520    11.046    11.236  8 54728.73748252 26.000
   9  87.827516  65.800280    15.414    17.040  7 54738.65312997 20.606
  10  87.828577  65.801265    17.085    17.623  7 54748.56877741 21.163
  11  87.826939  65.802193     5.339     5.289  7 54758.48442431 35.826
  12  87.822909  65.801947     4.904     5.109  7 54768.40006874 29.433
  13  87.827775  65.801017     6.366     6.363  8 54778.31571057 44.425
  14  87.828016  65.799580     5.962     5.962  8 54788.23134952 32.074
  15  87.827776  65.799268     6.363     6.354  8 54798.14698742 26.568
  17  87.826033  65.801758     6.389     6.392  8 54817.97826256 20.541
  18  87.825642  65.802740     6.150     6.199  7 54827.89391311 19.112
  19  87.823576  65.802797     8.699     9.183  8 54837.80955187 17.790
  20  87.818909  65.802926    12.178    12.352  8 54847.72520074 15.878
  21  87.817270  65.803562    15.438    16.053  8 54857.64084938 16.698
  22  87.816613  65.804427    12.396    12.515  8 54867.55649820 15.492
  23  87.817964  65.804380    12.584    12.435  9 54877.47214650 16.131
  24  87.819993  65.803226    12.370    12.462  9 54887.38779178 15.236
  25  87.825400  65.801769    11.037    10.636  7 54897.30343398 15.612
  26  87.826530  65.800815    12.790    12.052  8 54907.21907316 15.469
  27  87.827306  65.800999    10.974    10.622  7 54917.13471113 15.064
  28  87.827072  65.801563    22.678    23.928  7 54927.05034887  8.279
  29  87.826366  65.801532    13.239    13.249  7 54936.96598591  9.756
  30  87.827932  65.800926     7.022     6.983  8 54946.88162131 32.465
  31  87.827442  65.799633     8.000     7.981  7 54956.79725482 24.549
  32  87.828342  65.799370    11.625    11.613  8 54966.71290348 29.719
  33  87.827152  65.799935    17.749    17.750  7 54976.62855104 54.148
  34  87.826206  65.801121    18.713    18.753  7 54986.54419865 41.857
  35  87.827129  65.802160    20.208    20.011  7 54996.45984655 26.737
  36  87.823905  65.802482    14.688    15.948  7 55006.37549239 26.355
  37  87.823799  65.802863     8.372     8.362  8 55016.29113633 36.849
  38  87.818627  65.803068    13.268    13.311  8 55026.20677836 25.319
  39  87.817015  65.803938     9.853     6.806  8 55036.12242027 27.048
  40  87.817106  65.804161     4.765     4.847  8 55046.03806145 29.890
  41  87.818236  65.803086     4.945     4.953  8 55055.95370085 31.771
  42  87.828041  65.801559     5.049     5.043  7 55065.86933871 54.039
  43  87.826848  65.800189     8.754     7.903  8 55075.78498743 26.851
  44  87.827801  65.800290    11.303    12.021  8 55085.70063535 29.239
  45  87.827187  65.801254    11.256    12.584  7 55095.61628154 22.893
  46  87.827372  65.801900    11.316    11.572  7 55105.53192758 24.857
  47  87.828179  65.801636    16.378    16.415  7 55115.44757337 20.564
  48  87.826498  65.800396    15.907    16.625  8 55125.36321650 21.615
  49  87.827870  65.799648     5.739     5.740  8 55135.27885730 43.759
  50  87.829695  65.799742     5.622     5.692  8 55145.19449604 31.074
  51  87.825970  65.800539     5.679     5.687  8 55155.11013358 25.253
  52  87.826398  65.801561     9.307    10.173  7 55165.02577175 21.364
  53  87.827695  65.802301    11.448    11.923  7 55174.94140977 19.496
  54  87.828089  65.802170    11.134    12.178  7 55184.85704991 18.114
  55  87.822978  65.802233    10.560     9.851  7 55194.77270057 18.175
  56  87.820349  65.803130    10.217     9.939  9 55204.68835020 17.819
  57  87.818040  65.804333    10.427    11.617  9 55214.60399924 17.707
  58  87.818914  65.804691    11.507    12.025  9 55224.51964804 16.261
  59  87.818464  65.803165     9.274     9.769  9 55234.43529484 16.565
  60  87.824464  65.801038     9.013     9.201  7 55244.35093895 17.153
  61  87.830071  65.799726     9.296     9.341  8 55254.26658005 16.204
  62  87.826530  65.799899     9.904     9.786  8 55264.18221851 15.670
  63  87.826315  65.801656     9.780     9.710  8 55274.09785638 14.990
  64  87.822624  65.802192    12.598    12.742  7 55284.01349336 15.966
  65  87.825571  65.801193    12.174    12.378  7 55293.92912940 15.889
  66  87.831037  65.799482    12.179    11.923  8 55303.84476712 15.216
  67  87.827833  65.798323    29.986    30.146  8 55313.76041424  9.798
  68  87.826535  65.799273     6.465     6.465  8 55323.67605959 29.503
  69  87.827782  65.801386    11.050    11.018  7 55333.59170394 23.095
  70  87.825273  65.802699    18.144    18.128  6 55343.50734778 41.524
  71  87.826291  65.802785    21.590    21.633  7 55353.42299143 26.771
  72  87.827756  65.802410    22.802    22.480  7 55363.33863299 23.881
  73  87.822437  65.802040    21.249    21.100  7 55373.25427208 21.246
  74  87.823526  65.803052    18.946    18.830  8 55383.16991050 24.018
  75  87.817391  65.803621     8.515     6.568  8 55393.08554745 33.259
  76  87.819126  65.803685    10.471     9.890  8 55403.00118364 27.166
  77  87.822667  65.802381    10.730    12.936  7 55412.91683587 26.807
  78  87.827562  65.800308    12.602    12.291  7 55422.83248536 24.333
  79  87.829487  65.798847    11.885    12.811  8 55432.74813195 27.204
  80  87.828546  65.799609     8.664     6.404  7 55442.66377651 32.795
  81  87.827048  65.801358    10.228     9.750  8 55452.57941959 28.927
  82  87.822611  65.802367    13.181    12.968  7 55462.49506160 26.253
  83  87.824647  65.801525    12.842    12.602  7 55472.41070230 25.316
  84  87.829461  65.799742    11.453    11.856  8 55482.32634038 25.686
  85  87.831839  65.798303     6.209     5.546  8 55492.24197603 31.911
  86  87.828311  65.798754     4.524     4.343  8 55502.15760950 43.041
  87  87.827903  65.801133     4.889     4.894  7 55512.07325474 47.316
  88  87.823494  65.802906     6.115     6.057  7 55521.98890396 36.587
  89  87.820866  65.803225     5.558     5.627  8 55531.90455200 33.639
  90  87.824994  65.802745     5.138     5.080  7 55541.82019897 31.019
  91  87.828020  65.802462     5.114     5.116  7 55551.73584379 25.552
  92  87.821819  65.802784     5.680     5.733  8 55561.65148639 23.952
  93  87.820193  65.803901     6.120     6.143  8 55571.56712870 22.404
  94  87.819123  65.803917     8.055     6.437  9 55581.48276989 20.408
  95  87.825008  65.802386    10.483    11.440  7 55591.39840851 18.848
  96  87.830317  65.799883     9.681    10.278  8 55601.31404381 19.203
  97  87.830065  65.798111     9.475     9.622  8 55611.22967645 18.895
  98  87.827216  65.798544     9.660    10.848  8 55621.14530845 18.110
  99  87.826707  65.800968    10.501    11.065  8 55631.06096133 17.677
 100  87.827929  65.802383     8.635     9.321  7 55640.97661226 17.568
 101  87.827103  65.801508     7.278     8.411  7 55650.89226026 16.201
 102  87.826777  65.799303    18.425    18.103  8 55660.80790458 14.811
 103  87.828892  65.798408     5.631     5.630  8 55670.72354584 48.789
 104  87.828127  65.799381    15.088    14.878  7 55680.63918519 28.402
 105  87.825613  65.801488    18.100    17.932  7 55690.55482260 43.256
 106  87.822430  65.802901    17.596    17.644  7 55700.47045834 51.350
 107  87.818906  65.802841    15.706    15.711  8 55710.38609781 48.284
 108  87.825627  65.802734    20.397    19.953  7 55720.30174854 20.670
 109  87.826245  65.802566    13.096    12.776  7 55730.21739650 26.073
 110  87.821844  65.802627    10.451    12.532  7 55740.13304268 25.191
 111  87.818890  65.803013    16.000    18.675  9 55750.04868776 23.325
 112  87.819342  65.802843    12.005    12.365  8 55759.96433076 26.610
 113  87.827808  65.802159    12.514    12.233  7 55769.87997161 24.196
 114  87.827387  65.800023     6.718     6.756  7 55779.79560828 41.947
 115  87.826277  65.798538    17.098    17.311  8 55789.71124236 20.911
 116  87.827954  65.798878    17.984    17.859  8 55799.62687560 20.491
 117  87.827158  65.800449    14.326    14.909  7 55809.54252266 20.672
 118  87.827766  65.801833     6.934     6.986  7 55819.45817171 41.600
 119  87.828071  65.801469     5.804     5.805  7 55829.37381624 48.991
 120  87.828493  65.799844     4.213     4.424  7 55839.28945627 25.763
 121  87.829301  65.798669    17.519    17.031  8 55849.20509329 21.730
 122  87.829498  65.799439     7.214     5.753  8 55859.12072827 30.085
 123  87.826510  65.801574     4.975     4.954  7 55869.03637677 46.711
 133  87.828405  65.799579    16.938    16.891  7 55968.19281976 18.309
 134  87.826463  65.800157    15.329    16.516  8 55978.10845627 19.944
 135  87.827353  65.800909    14.015    16.425  8 55988.02409239 20.491
 136  87.826038  65.800895    16.608    16.614  8 55997.93973231 18.882
 137  87.825992  65.800447    15.802    16.602  8 56007.85538347 19.068
 138  87.828318  65.799929    16.912    16.988  8 56017.77103065 16.126
 139  87.826851  65.800070     4.525     4.635  8 56027.68667462 14.157
 141  87.825718  65.802438     5.348     5.337  7 56047.51795759 15.989
 142  87.819429  65.802851     7.029     7.112  8 56057.43359478 34.101
 143  87.820828  65.802848    17.506    17.458  8 56067.34922831 43.982
 144  87.820702  65.802800    20.464    21.067  8 56077.26487758 25.117
 145  87.822840  65.803128    14.444    14.407  8 56087.18052663 52.257
 146  87.819477  65.803019    20.292    20.562  9 56097.09617270 20.097
 147  87.824320  65.802855    12.539    13.367  8 56107.01181734 28.262
 148  87.826979  65.801719    10.077    12.173  7 56116.92744734 25.828
 149  87.825729  65.800218     4.420     4.421  8 56126.84308485 44.061
 150  87.829975  65.799562     6.409     4.130  8 56136.75871906 26.074
 151  87.827093  65.799836     3.970     4.011  8 56146.67436312 38.580
 152  87.828517  65.800978     5.811     3.050  7 56156.59001274 28.360
 153  87.828174  65.801633     3.366     3.380  7 56166.50566128 27.960
 154  87.825891  65.801157     3.516     3.581  8 56176.42130721 33.273
 155  87.828420  65.800542     7.181     5.405  7 56186.33694865 24.800
 156  87.827220  65.799880     4.264     4.271  8 56196.25258600 52.277
 157  87.827911  65.800522    13.357    15.583  7 56206.16822056 24.302
 158  87.826479  65.801804     3.607     3.595  7 56216.08385344 35.822
 159  87.823767  65.802941     4.035     4.035  7 56225.99949329 46.414
 160  87.819371  65.803031     8.657     9.107  9 56235.91514808 26.288
 161  87.823946  65.802994     8.763     9.151  8 56245.83079982 23.962
 162  87.825290  65.802845     9.608    10.629  7 56255.74644616 22.726
 163  87.821933  65.803114    10.182    10.242  8 56265.66208825 22.229
 164  87.819935  65.803442    12.038    12.090  9 56275.57772878 19.796
 165  87.822810  65.803068    12.763    11.786  8 56285.49337498 19.020
 166  87.825798  65.801484    11.481    11.412  8 56295.40902568 18.588
 167  87.828211  65.799721    11.361    11.378  7 56305.32467216 18.159
 168  87.829829  65.799494    13.738    11.806  8 56315.24031511 16.363
 169  87.826851  65.800718    12.696    11.520  7 56325.15595576 16.660
 170  87.827860  65.802310    11.767    10.250  7 56335.07159595 16.574
 171  87.823821  65.802006    13.282    12.914  7 56344.98723463 16.402
 172  87.826259  65.800772    13.095    10.621  8 56354.90287153 15.916
 173  87.827661  65.799667    12.131    10.099  8 56364.81851671 16.270
 174  87.828385  65.800035    12.030     9.876  7 56374.73416563 16.255
 176  87.819455  65.803281     9.615     9.665  9 56394.56545474 15.930
 177  87.819162  65.804006    17.813    18.128  9 56404.48109668 11.146
 178  87.818084  65.803489     4.955     4.969  8 56414.39673547 41.599
 179  87.827017  65.802770    16.641    16.580  7 56424.31237027 45.910
 180  87.822697  65.802198    19.844    19.827  7 56434.22801573 53.022
 181  87.823066  65.802925    17.476    17.143  8 56444.14366794 30.026
 182  87.817955  65.803595    18.084    18.959  9 56454.05931713 21.865
 183  87.820512  65.803308     8.520     8.462  9 56463.97496417 33.994
 184  87.825556  65.801740     5.847     5.823  7 56473.89060793 28.498
 185  87.829672  65.799728     6.284     6.227  8 56483.80624820 54.717
 187  87.827944  65.800292     4.458     4.416  8 56503.63751924 36.068
 188  87.825524  65.801888     8.358     9.205  8 56513.55315197 30.820
 189  87.824275  65.802425     3.798     3.793  7 56523.46880179 32.123
 190  87.828399  65.801587     4.540     4.579  7 56533.38445406 32.917
 192  87.828599  65.800118     5.952     5.936  7 56553.21574695 40.342
 193  87.822917  65.801726     5.321     5.283  7 56563.13138922 42.058
 194  87.819552  65.803879     4.873     4.776  8 56573.04703046 36.288
 195  87.818388  65.804796     3.898     3.954  8 56582.96266967 31.961
 196  87.818975  65.803627     4.519     4.431  9 56592.87830447 48.591
 197  87.825260  65.802611     6.219     6.176  6 56602.79395655 39.876
 198  87.826229  65.802039     6.421     6.429  7 56612.70960579 20.772
 199  87.823379  65.802666     6.062     6.060  7 56622.62525046 17.163
 200  87.819105  65.803226     9.562    10.358  8 56632.54089211 17.579
 201  87.820686  65.802950     7.713     8.855  8 56642.45652986 18.509
 202  87.825587  65.801420     7.509     9.501  7 56652.37218014 17.654
 203  87.829707  65.799752    15.088    16.030  8 56662.28783008 17.835
 204  87.825883  65.798977    11.293    11.109  8 56672.20347641 15.134
 205  87.827056  65.800883     9.867     9.928  7 56682.11912161 15.405
 206  87.824723  65.802569    11.245    11.532  7 56692.03476445 15.036
 207  87.820436  65.802776    10.952    11.210  8 56701.95040310 15.055
 208  87.824386  65.801478    10.873    10.798  7 56711.86603749 15.525
 209  87.828688  65.800542     7.613     8.327  8 56721.78168327 16.011
 210  87.827248  65.800647    10.969    10.947  7 56731.69733461 14.669
 211  87.827690  65.802824    11.188    10.825  7 56741.61298255 15.061
 212  87.817797  65.804390     8.520     6.568  8 56751.52862523 11.717
 213  87.815336  65.804944     5.285     5.306  8 56761.44426344 16.619
 214  87.819821  65.803999     5.760     5.783  8 56771.35989550 22.955
 215  87.823105  65.802846     8.099     8.053  7 56781.27555088 30.362
 216  87.827460  65.802477    16.153    16.100  7 56791.19120597 28.454
 217  87.825513  65.802881    17.343    17.789  7 56801.10685747 25.870
 218  87.820960  65.803437    19.950    20.213  8 56811.02250167 21.580
 219  87.819347  65.803173    21.451    21.283  8 56820.93814152 24.823
 220  87.825599  65.801916    14.451    14.432  8 56830.85377798 50.494
 221  87.829776  65.800014    12.566     9.506  8 56840.76941094 34.289
 222  87.828507  65.799174    15.152    15.955  7 56850.68504669 23.224
 223  87.828335  65.800692    11.579    12.534  8 56860.60070119 24.709
 224  87.827522  65.802711    16.875    18.212  7 56870.51635492 21.360
 225  87.818591  65.802921    12.301    12.497  8 56880.43200513 28.299
 226  87.824892  65.802680     7.390     5.149  7 56890.34765306 26.494
 227  87.826752  65.801642    11.145    12.253  7 56900.26329771 23.508
 228  87.827055  65.801983     7.349     7.365  7 56910.17894015 50.284
 229  87.822667  65.803183    16.177    15.736  8 56920.09458052 23.406
 230  87.817127  65.804476    11.264    12.155  9 56930.01021866 28.203
 231  87.818561  65.804808    12.395    12.109  8 56939.92585262 29.471
 232  87.819165  65.803776     4.683     4.689  9 56949.84149004 50.234
 233  87.824704  65.802879     6.052     6.005  7 56959.75714270 38.928
 234  87.827829  65.802434     5.610     5.587  7 56969.67279009 23.428
 235  87.822391  65.802145     5.836     5.853  7 56979.58843281 20.487
 236  87.827820  65.802773     5.487     5.472  7 56989.50407214 19.962
 237  87.825674  65.802025    10.572    10.085  7 56999.41970444 17.021
 238  87.824716  65.801173     8.022     5.305  7 57009.33535685 17.370
 239  87.826322  65.800291    11.159    11.068  8 57019.25100949 19.556
 240  87.828343  65.800358    10.176    10.552  8 57029.16665912 15.665
 241  87.827041  65.801238    12.091    12.190  7 57039.08230678 14.154
 242  87.825684  65.802352    12.296    12.221  7 57048.99795210 14.380
 243  87.822802  65.802567    12.704    12.539  7 57058.91359332 13.062
 244  87.825106  65.802192    11.883    11.645  7 57068.82922930 16.407
 245  87.825743  65.801708    12.285    10.869  8 57078.74486084 14.695
 246  87.826775  65.802131     9.228    10.315  7 57088.66049657 16.242
 247  87.817872  65.803162    11.330    11.962  8 57098.57615417 15.804
 248  87.815984  65.804388    12.267    12.556  8 57108.49180945 14.376
 249  87.819637  65.804620     5.209     5.195  8 57118.40746003 19.301
 250  87.819479  65.803562    28.465    28.395  9 57128.32310411  6.566
