# NaN NaN NaN ;Mean Elev.(m), Avg Gradient(m/km), RMS Gradient(m/km) - SRTM1     
#  -13.837  -1.661   4.938 ;Mean Elev.(m), Avg Gradient(m/km), RMS Gradient(m/km) - ASTER GDEM
#   12.949  -1.522   4.930 ;Mean Elev.(m), Avg Gradient(m/km), RMS Gradient(m/km) - GMTED2010 
   1  87.494847  64.443833     9.404     9.404  2 54661.27871901 25.982
   2  87.524348  64.449248    16.753    17.455 10 54671.19436754 24.962
   3  87.524840  64.450523   -21.216   -20.151 10 54681.11001150 12.749
   4  87.525344  64.451208    12.202    12.246  9 54691.02565424 53.783
   5  87.524188  64.450381   -20.421   -18.989  9 54700.94129438  7.631
   6  87.523232  64.448688    11.088    11.100  9 54710.85694057 49.437
   7  87.518368  64.446755    -4.744    -0.596 10 54720.77259115 15.635
   8  87.518573  64.446232    13.559    11.645 10 54730.68823972 34.941
   9  87.523484  64.447617    20.275    22.331  9 54740.60388730 27.303
  10  87.523302  64.448246    21.426    21.818 10 54750.51953437 22.007
  11  87.522718  64.448434    15.570    17.007  9 54760.43518121 31.255
  12  87.522739  64.447779    10.786    10.610 10 54770.35082567 51.288
  13  87.519578  64.446227    10.656    10.571 10 54780.26646647 48.414
  14  87.521537  64.445647    11.012    11.040 10 54790.18210521 37.909
  15  87.520165  64.445607    12.053    12.125 10 54800.09774256 33.459
  17  87.521737  64.447293    15.503    16.958 10 54819.92901913 18.189
  18  87.522447  64.448096    16.310    17.330 10 54829.84467147 19.010
  19  87.524172  64.449163    18.836    19.755  9 54839.76031044 16.493
  20  87.523519  64.450401    18.131    17.942 10 54849.67595951 16.144
  21  87.525814  64.452303    18.802    18.330 10 54859.59160848 15.310
  22  87.527178  64.453383    17.863    17.707 10 54869.50725744 14.622
  23  87.525098  64.452071    18.370    18.632  9 54879.42290486 15.677
  24  87.524230  64.449607    19.177    19.714  9 54889.33854915 13.894
  25  87.521536  64.447205    18.682    18.309 10 54899.25419007 14.722
  26  87.519119  64.446792    18.817    19.281 10 54909.16982879 14.523
  27  87.521293  64.448254    16.060    14.827 10 54919.08546677 14.867
  28  87.525064  64.449304    17.293    18.055  9 54929.00110459 14.347
  29  87.518768  64.446922    21.621    20.095 10 54938.91674037  9.785
  30  87.520649  64.445118    13.195    13.171 10 54948.83237528 35.392
  31  87.517130  64.443158    15.692    15.690  9 54958.74801177 29.272
  32  87.518444  64.444278    18.783    18.704 10 54968.66366048 36.916
  33  87.520938  64.446397    21.045    20.994 10 54978.57930831 54.534
  34  87.522903  64.448074    21.690    21.628 10 54988.49495604 34.533
  35  87.523767  64.448547    20.231    19.580 10 54998.41060373 28.662
  36  87.521456  64.448271    19.819    20.028 10 55008.32624927 23.418
  37  87.522206  64.448769    19.647    21.725  9 55018.24189321 22.782
  38  87.525576  64.450547    19.205    20.693 10 55028.15753608 25.202
  39  87.525435  64.451879    19.002    20.426 10 55038.07317805 25.206
  40  87.524119  64.451776    17.240    17.400  9 55047.98881865 27.745
  41  87.523660  64.449711    11.885    11.581 10 55057.90445718 36.080
  42  87.517681  64.445752    15.191    15.382 10 55067.82009419 31.567
  43  87.519500  64.444661    10.133    10.526 10 55077.73574440 45.279
  44  87.521799  64.445819    15.799    16.548 10 55087.65139245 29.297
  45  87.522816  64.447971    22.044    22.538 10 55097.56703893 26.303
  46  87.522708  64.449248    19.123    20.005  9 55107.48268481 24.309
  47  87.524137  64.448727    20.157    22.036 10 55117.39833001 25.594
  48  87.522426  64.446316    11.458    10.703 10 55127.31397247 40.505
  49  87.518608  64.444158    10.262    10.298  9 55137.22961246 40.093
  50  87.518038  64.444408    12.658    11.939  9 55147.14525104 33.988
  51  87.522713  64.447046    14.197    14.074 10 55157.06088956 25.866
  52  87.521773  64.448293    13.269    12.817 10 55166.97652740 24.459
  54  87.521662  64.447520    16.423    16.313 10 55186.80780774 21.633
  55  87.521981  64.447921    16.387    15.816  9 55196.72345873 20.854
  56  87.525185  64.450105    14.534    12.979  9 55206.63910898 20.952
  57  87.523888  64.451874    16.267    16.309  9 55216.55475822 18.364
  58  87.525448  64.452711    18.086    18.065  9 55226.47040707 16.102
  59  87.523936  64.450701    17.957    18.262 10 55236.38605293 16.139
  60  87.521292  64.447180    18.355    18.665 10 55246.30169516 16.553
  61  87.519473  64.444874    17.854    17.600 10 55256.21733488 16.246
  62  87.518947  64.445435    18.652    18.662 10 55266.13297368 14.539
  63  87.523230  64.448292    18.463    18.705  9 55276.04861234 14.565
  64  87.524928  64.449432    19.114    19.565  9 55285.96424967 13.939
  65  87.521298  64.447205    19.121    19.224 10 55295.87988419 13.816
  66  87.518954  64.444166    20.752    19.799  9 55305.79552338 11.023
  67  87.512855  64.442090    12.370    12.321 10 55315.71116962 25.588
  68  87.519683  64.444446    15.287    14.464 10 55325.62681592 30.338
  69  87.522835  64.447446    18.724    18.700  9 55335.54246080 36.231
  70  87.523247  64.449398    22.830    22.914 10 55345.45810496 38.307
  71  87.524322  64.449757    21.458    22.249  9 55355.37374804 27.419
  72  87.524930  64.449260    16.904    16.852  9 55365.28938896 47.647
  73  87.522109  64.448336    22.633    22.690  9 55375.20502797 22.940
  74  87.523937  64.449119    13.270    13.217  9 55385.12066643 34.731
  75  87.525359  64.450038    17.061    18.101  9 55395.03630397 33.081
  76  87.522962  64.449618    12.819    11.763  9 55404.95194299 41.011
  77  87.521441  64.448342    11.501    11.519 10 55414.86759420 49.264
  78  87.520718  64.446066    12.290    11.667 10 55424.78324230 49.315
  79  87.518134  64.444021    22.036    24.589 10 55434.69888766 29.891
  80  87.514610  64.444034    20.930    21.885 11 55444.61453168 30.339
  81  87.522634  64.447309    11.543    11.709  9 55454.53017596 41.042
  82  87.523150  64.448963    12.481    11.686 10 55464.44581868 43.479
  83  87.520947  64.447788    12.043    12.048 10 55474.36145831 49.776
  84  87.518195  64.444883    19.812    21.963 10 55484.27709479 31.808
  85  87.518142  64.442815    14.858    12.491  9 55494.19272946 23.975
  86  87.519908  64.443474    10.534    10.545  9 55504.10836335 38.539
  87  87.519236  64.446130    10.651    10.499 10 55514.02401226 45.500
  88  87.522823  64.449187    11.762    11.747  9 55523.93966237 37.989
  89  87.524263  64.450259    11.210    11.237 10 55533.85531038 30.415
  90  87.525633  64.449951    11.112    11.077  9 55543.77095646 24.342
  91  87.520095  64.448685    11.593    11.597 10 55553.68659993 22.188
  92  87.523987  64.449959    12.578    12.582  9 55563.60224338 23.327
  93  87.525028  64.450741    12.817    12.844  9 55573.51788594 20.620
  94  87.525024  64.450167    12.707    12.733 10 55583.43352694 18.957
  95  87.523366  64.447922    12.666    12.643  9 55593.34916425 18.421
  96  87.518029  64.444624    14.942    13.269 10 55603.26479778 18.335
  97  87.517783  64.443186    13.967    13.359  9 55613.18042979 18.063
  98  87.518187  64.443578    13.682    12.769  9 55623.09606609 18.137
  99  87.521269  64.446069    16.291    16.102 10 55633.01171931 15.473
 100  87.518287  64.446558    17.145    17.666 10 55642.92736955 15.911
 101  87.518593  64.446277    18.527    18.451 10 55652.84301717 12.061
 102  87.518713  64.444871    20.162    19.858  9 55662.75866045  9.453
 103  87.518545  64.444271    13.320    12.535  9 55672.67430078 38.945
 104  87.519686  64.445151    18.534    18.424 10 55682.58993990 36.293
 105  87.518588  64.446491    20.228    20.178 10 55692.50557739 33.863
 106  87.521323  64.448045    20.756    20.809 10 55702.42121366 26.077
 107  87.522999  64.448809    17.233    17.113  9 55712.33685694 55.331
 108  87.524820  64.449343    17.058    17.891  9 55722.25250667 27.192
 109  87.524927  64.449647    20.082    20.139  9 55732.16815419 22.798
 110  87.525070  64.449965    17.302    18.140 10 55742.08380041 24.492
 111  87.525618  64.450066    17.692    17.644  9 55751.99944535 24.220
 112  87.521217  64.448382    17.627    18.784 10 55761.91508738 25.003
 113  87.519968  64.446677    11.301    11.286 10 55771.83072686 53.069
 114  87.521011  64.445150    11.537    11.548 10 55781.74636309 42.908
 115  87.517448  64.443870    13.965    13.415  9 55791.66199635 36.801
 116  87.515086  64.443592    11.416    11.654 11 55801.57762889 44.920
 117  87.522018  64.446097    12.023    11.963 10 55811.49327996 44.108
 118  87.519834  64.446232    20.737    21.768 10 55821.40892847 29.186
 119  87.521943  64.445940    20.076    21.961 10 55831.32457257 29.037
 120  87.514825  64.443608    17.403    16.957 11 55841.24021109 32.244
 121  87.515419  64.443360    20.589    22.100 11 55851.15584736 30.104
 122  87.517192  64.444646    11.024    10.987 10 55861.07148177 51.759
 123  87.521229  64.447516    10.471    10.479 10 55870.98713506 44.535
 133  87.520407  64.445712    18.830    18.909 10 55970.14357509 18.149
 134  87.523347  64.447152    17.784    17.384  9 55980.05921168 19.472
 135  87.519134  64.446134    18.571    18.718 10 55989.97484651 19.821
 136  87.518854  64.445267    18.092    17.746 10 55999.89049000 18.425
 137  87.518573  64.444543    16.852    16.602 10 56009.80614055 18.584
 138  87.517786  64.444530    22.794    24.814 10 56019.72178705 12.351
 139  87.517976  64.445795    11.255    11.238 10 56029.63743083 18.885
 141  87.522388  64.449098    12.494    12.493  9 56049.46871314 34.004
 142  87.523500  64.449265    15.302    15.292  9 56059.38435040 33.783
 143  87.522129  64.447969    19.543    19.481 10 56069.29998499 52.385
 144  87.520953  64.448217    18.366    18.325 10 56079.21563602 54.960
 145  87.525396  64.449895    18.949    18.944  9 56089.13128492 25.469
 146  87.525451  64.450770    18.171    18.158 10 56099.04693083 28.309
 147  87.523089  64.449743    10.941    10.805 10 56108.96257398 53.557
 148  87.523113  64.447530    18.008    19.470  9 56118.87820279 23.906
 149  87.520101  64.444493    10.057    10.052  9 56128.79383918 52.514
 150  87.519538  64.443242    10.051    10.074  9 56138.70947256 47.221
 151  87.517829  64.444748     9.876     9.917 10 56148.62512058 45.273
 152  87.521436  64.447519    12.757    15.960 10 56158.54077028 39.909
 153  87.521753  64.448240     9.785     9.750 10 56168.45641840 51.809
 154  87.523211  64.447162    17.271    19.065  9 56178.37206350 27.920
 155  87.520909  64.445060     9.815     9.806 10 56188.28770372 45.507
 156  87.514655  64.443531    13.422    10.071 11 56198.20334019 35.626
 157  87.520397  64.445846    12.005     9.107 10 56208.11897514 37.654
 158  87.521779  64.447961     9.278     9.079  9 56218.03460799 49.754
 159  87.523603  64.449629     9.526     9.597  9 56227.95025297 39.419
 160  87.525598  64.449872    11.203    10.758  9 56237.86590741 31.817
 161  87.524245  64.448964    12.844    11.021 10 56247.78155760 26.894
 162  87.523685  64.448583    17.067    17.824 10 56257.69720295 22.514
 163  87.524069  64.449550    17.574    17.937  9 56267.61284523 20.981
 164  87.525470  64.450488    17.781    17.620 10 56277.52848594 19.251
 165  87.525444  64.450327    18.403    18.428  9 56287.44413423 16.848
 166  87.522767  64.447826    16.213    16.735 10 56297.35978318 20.285
 167  87.516990  64.444604    14.991    15.324 10 56307.27542783 19.508
 168  87.518813  64.444288    18.542    18.158 10 56317.19107052 15.929
 169  87.520614  64.446361    18.139    18.809 10 56327.10671185 15.528
 170  87.525488  64.449026    18.122    17.970  9 56337.02235246 15.981
 171  87.521078  64.448395    18.723    18.955 10 56346.93799036 14.434
 172  87.522039  64.446552    18.593    18.561 10 56356.85362611 14.151
 173  87.518036  64.444428    18.181    18.168  9 56366.76927358 14.479
 176  87.523832  64.450631    21.185    22.070  9 56396.51621234 13.114
 177  87.525120  64.451851    10.868    10.862  9 56406.43185395 26.118
 178  87.524286  64.450762    12.410    12.480  9 56416.34749164 38.291
 179  87.522111  64.448154    21.408    21.452 10 56426.26312433 33.984
 180  87.522604  64.447894    21.418    21.493  9 56436.17877450 33.674
 181  87.524929  64.449374    19.466    18.309  9 56446.09442654 27.351
 182  87.523158  64.450527    15.785    15.824 10 56456.01007583 52.174
 183  87.523321  64.450447    18.487    20.628  9 56465.92572208 25.138
 184  87.521916  64.448204    15.008    16.921  9 56475.84136419 26.472
 185  87.520891  64.445319    11.395    11.447 10 56485.75700276 51.501
 187  87.518912  64.444912    10.349    10.325  9 56505.58827311 50.433
 188  87.521846  64.446968    10.349    10.353 10 56515.50390657 47.792
 189  87.522461  64.448287    13.359    16.614  9 56525.41956097 28.779
 190  87.522922  64.447550    11.599    10.663 10 56535.33521184 45.069
 192  87.519075  64.445639    18.189    19.662 10 56555.16650271 27.716
 193  87.523523  64.448251    11.295    11.177  9 56565.08214607 51.814
 194  87.524643  64.450749    16.209    17.334 10 56574.99778776 31.338
 195  87.521344  64.451017    10.424    10.418 11 56584.91342593 36.055
 196  87.525583  64.450435     9.978     9.980  9 56594.82906224 45.215
 197  87.524316  64.449275    12.741    12.795  9 56604.74471493 32.299
 198  87.522050  64.448278    12.808    12.833 10 56614.66036277 25.438
 199  87.524181  64.448974    14.536    12.875 10 56624.57600736 20.119
 200  87.522383  64.449089    15.149    13.689  9 56634.49164877 19.467
 201  87.522067  64.448518    17.200    16.805  9 56644.40728574 20.056
 202  87.523618  64.447852    14.884    12.909  9 56654.32293883 19.478
 203  87.520932  64.445952    16.164    17.333 10 56664.23858717 17.533
 205  87.518056  64.446175    12.572    12.060 10 56684.06987765 18.807
 206  87.521888  64.448285    11.111    11.110  9 56693.98552080 18.090
 207  87.524158  64.449009    13.550    13.527 10 56703.90115935 19.263
 208  87.520237  64.446941    19.197    19.745 11 56713.81679179 13.973
 209  87.518732  64.446170    18.573    18.546 10 56723.73244106 14.207
 210  87.523856  64.447650    19.159    19.926  9 56733.64809215 14.226
 211  87.524636  64.449788    13.350    12.912  9 56743.56373951 17.089
 212  87.524273  64.451470    24.188    24.777  9 56753.47938243  5.669
 213  87.525980  64.451910    12.058    12.019 10 56763.39502006 35.455
 214  87.524056  64.450147    13.190    13.165  9 56773.31065321 29.584
 215  87.523631  64.449747    16.318    15.723  9 56783.22631064 27.638
 216  87.524580  64.449931    21.649    21.664  9 56793.14196455 52.039
 217  87.522860  64.450185    20.615    20.426 10 56803.05761538 29.518
 218  87.522917  64.450128    18.015    17.379  9 56812.97325839 34.694
 219  87.524931  64.449551    18.009    17.909  9 56822.88889802 46.826
 220  87.521788  64.447383    16.695    16.094 10 56832.80453289 32.486
 221  87.519482  64.445371    16.156    18.171  9 56842.72016445 30.315
 222  87.520906  64.445485    18.257    19.388 10 56852.63580485 27.691
 223  87.519262  64.446586    10.797    10.794 10 56862.55145898 51.467
 224  87.522228  64.448442    11.030    11.077  9 56872.46711304 37.595
 225  87.524431  64.449280    19.488    20.948  9 56882.38276387 22.991
 226  87.525483  64.449334    17.796    18.846  9 56892.29841092 22.769
 227  87.524538  64.449056    21.281    22.404  9 56902.21405467 22.544
 228  87.525247  64.450173    20.492    22.175 10 56912.12969670 23.485
 229  87.523411  64.450893    12.264    11.160  9 56922.04533683 41.667
 230  87.525479  64.451773    11.540    11.431  9 56931.96097505 50.370
 231  87.523414  64.450586    13.076    12.335 10 56941.87660754 29.181
 232  87.523288  64.449564    10.604    10.613  9 56951.79224977 39.617
 233  87.524257  64.449398    11.308    11.285 10 56961.70790095 43.820
 234  87.522763  64.449277    17.837    17.740  9 56971.62354702 20.902
 235  87.523474  64.449385    19.676    20.276  9 56981.53918924 16.108
 236  87.520820  64.448165    18.714    17.479 10 56991.45482662 14.452
 237  87.518362  64.445859    19.382    19.195 10 57001.37045807 13.414
 238  87.519368  64.445757    19.080    19.136 10 57011.28611580 15.640
 239  87.519398  64.445766    19.580    19.993 11 57021.20176755 15.589
 240  87.520529  64.447009    20.089    19.904 11 57031.11741658 13.977
 241  87.521300  64.448167    19.951    20.025 10 57041.03306363 13.128
 242  87.520265  64.448479    19.435    19.126 10 57050.94870834 12.558
 243  87.520148  64.447743    19.841    19.851 11 57060.86434890 16.317
 244  87.523257  64.447404    16.800    17.327  9 57070.77998424 16.424
 245  87.518641  64.446513    19.771    19.804 10 57080.69561456 12.777
 246  87.520947  64.448374    17.775    17.901 10 57090.61125612 14.387
 247  87.524182  64.451258    16.605    14.722 10 57100.52691440 15.317
 248  87.523637  64.451985    18.418    19.506 10 57110.44256904 14.458
 249  87.525914  64.451285    13.484    13.232 10 57120.35821823 11.779
 250  87.523539  64.449386    13.623    13.249 10 57130.27386106 14.925
