# NaN NaN NaN ;Mean Elev.(m), Avg Gradient(m/km), RMS Gradient(m/km) - SRTM1     
#   46.987  -7.768  10.993 ;Mean Elev.(m), Avg Gradient(m/km), RMS Gradient(m/km) - ASTER GDEM
#   46.199  -0.215   6.097 ;Mean Elev.(m), Avg Gradient(m/km), RMS Gradient(m/km) - GMTED2010 
   1  90.059369  60.349417    45.556    45.910  6 54661.44088605 29.983
   2  90.061135  60.348037    43.899    43.817  6 54671.35653167 46.220
   4  90.063282  60.349311    43.531    43.543  7 54691.18781821 45.554
   6  90.062715  60.349412    43.689    43.643  6 54711.01910532 51.386
   8  90.053049  60.347116    44.305    44.289  5 54730.85040459 50.485
   9  90.051345  60.346506    43.525    43.452  5 54740.76605139 31.709
  10  90.050891  60.346773    43.493    43.422  6 54750.68169812 43.548
  11  90.053058  60.346400    43.674    43.640  6 54760.59734497 34.227
  12  90.052234  60.346614    43.730    43.556  5 54770.51298909 51.139
  13  90.051296  60.346641    43.325    43.504  5 54780.42862999 48.196
  14  90.050607  60.346662    43.445    43.427  6 54790.34426843 47.393
  15  90.051511  60.347295    44.315    44.281  6 54800.25990593 47.132
  17  90.061278  60.347800    48.035    48.318  6 54820.09118363 21.331
  18  90.059600  60.348243    48.089    48.009  6 54830.00683582 25.483
  19  90.057215  60.348348    51.941    53.364  6 54839.92247447 18.668
  20  90.055401  60.348388    55.709    55.643  6 54849.83812337 17.431
  21  90.056520  60.348263    57.295    57.618  6 54859.75377203 15.729
  22  90.056233  60.348832    60.148    60.652  6 54869.66942055 15.368
  23  90.056859  60.347943    57.514    57.909  6 54879.58506822 15.951
  24  90.054132  60.347196    53.224    52.833  5 54889.50071241 15.345
  25  90.050487  60.346205    50.545    48.221  6 54899.41635343 20.012
  26  90.049707  60.345744    48.205    48.302  6 54909.33199243 20.236
  27  90.050959  60.346477    47.820    47.808  6 54919.24763027 20.371
  28  90.054104  60.347094    48.051    47.985  5 54929.16326807 29.735
  29  90.053943  60.347908    48.743    48.736  6 54939.07890469 31.249
  30  90.056067  60.347048    49.912    49.916  6 54948.99454006 31.921
  31  90.058110  60.345960    48.281    48.245  5 54958.91017780 52.842
  32  90.053274  60.347406    48.275    48.218  6 54968.82582574 53.175
  33  90.054402  60.347853    47.293    47.352  6 54978.74147313 52.637
  35  90.058281  60.347205    52.434    53.876  6 54998.57276815 26.372
  36  90.057348  60.347378    44.937    44.927  6 55008.48841360 41.025
  37  90.055229  60.348329    45.181    45.178  6 55018.40405700 46.174
  38  90.058244  60.348168    46.095    46.555  6 55028.31969969 25.875
  39  90.059482  60.349017    43.885    43.843  6 55038.23534163 38.391
  40  90.061719  60.349333    44.321    44.344  6 55048.15098262 38.087
  41  90.060112  60.349573    44.495    44.531  6 55058.06662129 51.176
  42  90.058188  60.348322    44.157    44.125  6 55067.98225948 38.001
  43  90.053095  60.346920    44.562    44.645  5 55077.89790936 50.422
  44  90.051747  60.345996    44.541    44.567  6 55087.81355706 51.833
  45  90.053289  60.346050    44.096    44.064  6 55097.72920326 44.449
  46  90.055249  60.346573    44.369    44.262  6 55107.64484893 46.653
  47  90.054301  60.346763    44.059    44.121  6 55117.56049362 41.413
  48  90.050886  60.346350    43.925    43.899  5 55127.47613587 38.632
  49  90.049043  60.345584    44.159    44.248  6 55137.39177611 48.026
  50  90.048925  60.346273    43.725    43.707  6 55147.30741460 47.846
  51  90.052940  60.347669    44.269    44.217  6 55157.22305281 44.833
  52  90.057523  60.348730    47.922    47.922  6 55167.13869108 23.819
  53  90.060878  60.348992    49.583    48.871  7 55177.05432892 18.930
  54  90.059990  60.348539    54.656    55.503  7 55186.96997231 14.658
  55  90.058650  60.347527    48.681    48.623  6 55196.88562334 15.458
  56  90.056035  60.348389    49.216    48.147  6 55206.80127278 15.262
  57  90.057693  60.348950    49.086    48.655  6 55216.71692200 14.512
  58  90.059131  60.348600    51.547    51.063  6 55226.63257065 14.862
  59  90.056607  60.347653    54.218    55.390  6 55236.54821648 14.678
  60  90.050977  60.346665    58.034    59.623  5 55246.46385862 13.616
  61  90.048399  60.345117    48.984    48.597  5 55256.37949856 16.482
  62  90.047331  60.345786    52.697    50.988  5 55266.29513728 14.939
  63  90.052479  60.346576    48.147    48.128  6 55276.21077592 16.204
  64  90.054852  60.348268    61.261    61.239  6 55286.12641325 12.661
  65  90.058097  60.347756    60.505    60.477  6 55296.04204884 14.596
  66  90.054189  60.347154    47.236    47.340  6 55305.95768862 25.588
  67  90.049326  60.346379    49.003    49.190  6 55315.87333531 32.471
  68  90.050156  60.346294    52.011    51.963  5 55325.78898089 47.789
  69  90.053539  60.347522    48.323    48.350  6 55335.70462529 37.652
  70  90.056360  60.348795    57.832    58.399  6 55345.62026919 22.641
  71  90.057517  60.348858    46.566    46.546  6 55355.53591201 33.207
  72  90.057727  60.348240    46.172    46.206  6 55365.45155283 45.521
  73  90.057433  60.348073    45.760    45.795  6 55375.36719206 46.510
  74  90.057758  60.349202    44.830    44.802  6 55385.28283019 40.085
  75  90.064171  60.348698    50.702    49.357  6 55395.19846826 23.140
  76  90.063791  60.350129    46.040    46.504  6 55405.11410774 25.919
  77  90.061000  60.348781    44.556    44.555  7 55415.02975922 49.833
  78  90.054846  60.347194    44.394    44.296  6 55424.94540728 50.407
  79  90.049163  60.346188    44.402    44.430  6 55434.86105261 31.946
  80  90.049304  60.345641    44.032    44.030  6 55444.77669689 38.042
  81  90.051943  60.346421    43.718    43.729  5 55454.69234012 37.032
  82  90.057100  60.346927    44.337    44.273  6 55464.60798282 51.534
  83  90.056419  60.347770    46.964    43.927  6 55474.52362228 31.505
  84  90.054581  60.347040    44.273    44.327  5 55484.43925888 53.865
  85  90.051500  60.346542    43.818    43.786  6 55494.35489330 38.232
  86  90.053991  60.346820    43.393    43.410  6 55504.27052717 32.393
  87  90.057671  60.347385    43.430    43.336  6 55514.18617662 49.670
  88  90.060425  60.348557    43.147    43.164  6 55524.10182645 47.685
  89  90.062014  60.348267    46.480    46.661  6 55534.01747459 31.763
  90  90.059623  60.347648    47.049    47.387  6 55543.93312051 26.312
  91  90.057900  60.346953    48.458    48.340  6 55553.84876453 23.140
  92  90.057469  60.347307    53.095    54.661  6 55563.76440737 19.106
  93  90.057042  60.348870    51.165    48.868  6 55573.68004939 18.596
  94  90.061407  60.347839    51.408    49.154  6 55583.59569075 18.509
  95  90.057160  60.348455    54.941    54.551  6 55593.51132772 17.305
  96  90.055512  60.347431    55.125    54.947  6 55603.42696182 17.108
  97  90.054509  60.347187    54.206    52.382  5 55613.34259387 17.252
  98  90.055759  60.347640    49.696    48.197  5 55623.25823062 17.926
  99  90.057768  60.347353    47.487    47.168  6 55633.17388379 19.983
 100  90.055947  60.348388    46.547    46.133  6 55643.08953420 22.603
 101  90.055789  60.347829    58.997    59.009  6 55653.00518209 12.860
 102  90.052724  60.347050    46.097    45.999  6 55662.92082543 28.139
 103  90.050911  60.346463    48.173    48.154  6 55672.83646576 37.107
 104  90.052678  60.346444    47.369    47.383  5 55682.75210475 53.491
 105  90.058720  60.347151    45.563    45.575  6 55692.66774252 42.588
 106  90.061848  60.349264    44.900    44.936  7 55702.58337825 46.335
 107  90.063864  60.349572    44.534    44.545  6 55712.49902157 50.025
 108  90.061502  60.348978    43.885    43.920  7 55722.41467081 39.610
 109  90.058738  60.348564    44.790    43.662  6 55732.33031803 32.010
 110  90.060296  60.347445    44.253    44.233  6 55742.24596454 49.873
 111  90.059611  60.347701    43.890    43.894  6 55752.16160942 36.862
 112  90.057616  60.348272    44.705    43.626  6 55762.07725185 29.939
 113  90.056900  60.347708    44.210    44.252  6 55771.99289171 50.116
 114  90.053470  60.347495    43.760    43.721  6 55781.90852775 36.981
 115  90.054894  60.346924    44.595    44.569  6 55791.82416158 49.863
 116  90.057076  60.347768    44.239    44.207  6 55801.73979452 45.800
 117  90.055606  60.348795    44.341    44.346  6 55811.65544424 48.693
 118  90.058481  60.348017    43.995    44.051  6 55821.57109301 46.442
 119  90.056793  60.348259    43.746    43.732  6 55831.48673646 47.818
 120  90.055879  60.347657    43.385    43.387  6 55841.40237556 31.877
 121  90.055632  60.347483    43.344    43.299  5 55851.31801169 30.058
 122  90.058072  60.348332    43.472    43.406  6 55861.23364598 50.738
 123  90.057843  60.349047    42.951    42.971  6 55871.14929902 41.158
 133  90.051972  60.346871    48.132    48.067  6 55970.30573869 18.013
 134  90.057107  60.347147    47.796    47.691  6 55980.22137550 24.233
 135  90.058081  60.348596    47.438    47.200  6 55990.13701088 20.550
 136  90.058829  60.348003    46.753    46.754  6 56000.05265515 22.357
 137  90.054505  60.347518    61.867    61.960  6 56009.96830564 16.077
 138  90.052645  60.347000    60.313    60.108  6 56019.88395225 16.127
 139  90.054206  60.346515    47.005    46.971  6 56029.79959612 29.731
 141  90.059513  60.347942    48.410    48.425  6 56049.63087769 37.969
 142  90.059863  60.349618    46.348    46.351  6 56059.54651442 37.642
 143  90.063064  60.349494    56.569    56.124  6 56069.46214970 22.527
 144  90.061136  60.348822    44.414    44.397  7 56079.37780063 36.471
 145  90.060493  60.348210    44.383    44.375  6 56089.29344901 44.249
 146  90.059467  60.348711    43.951    43.911  6 56099.20909477 52.514
 147  90.057355  60.349037    43.377    43.383  6 56109.12472653 35.228
 148  90.058435  60.347305    43.097    43.038  6 56119.04036749 32.643
 149  90.053794  60.347647    44.030    44.067  6 56128.95600400 46.237
 150  90.055267  60.346882    43.348    43.275  6 56138.87163778 42.503
 151  90.052990  60.347890    43.586    43.578  6 56148.78728574 49.628
 152  90.057262  60.347631    43.444    43.428  6 56158.70293512 52.053
 153  90.059091  60.347584    43.397    43.410  6 56168.61858304 49.680
 154  90.054688  60.348085    43.347    43.350  6 56178.53422727 47.597
 155  90.053258  60.347125    42.866    42.851  5 56188.44986756 31.759
 156  90.053009  60.346971    42.780    42.751  6 56198.36550455 51.470
 157  90.056869  60.347875    42.599    42.638  6 56208.28113902 44.146
 158  90.063917  60.348903    42.645    42.672  6 56218.19677219 48.674
 159  90.066004  60.349650    42.471    42.448  6 56228.11241748 39.133
 160  90.062360  60.349691    42.178    42.205  6 56238.02807147 45.702
 161  90.059940  60.348633    44.272    44.286  6 56247.94372183 42.472
 162  90.058617  60.348054    45.845    45.829  6 56257.85936720 41.475
 163  90.059773  60.348305    45.657    45.678  6 56267.77500937 29.652
 164  90.060939  60.348787    46.468    46.412  7 56277.69064977 28.222
 165  90.057855  60.349144    47.063    46.970  6 56287.60629775 24.231
 166  90.056580  60.346896    47.464    47.512  6 56297.52194704 21.694
 167  90.050907  60.346064    47.108    47.010  5 56307.43759183 18.863
 168  90.048236  60.345919    47.388    47.217  5 56317.35323410 16.442
 169  90.052250  60.346255    47.637    47.470  6 56327.26887555 15.748
 170  90.057844  60.347194    48.053    48.047  6 56337.18451613 15.788
 171  90.060731  60.348111    51.366    50.227  6 56347.10015484 16.565
 172  90.059414  60.348267    56.849    56.934  6 56357.01579068 13.241
 173  90.054283  60.347041    60.767    60.712  6 56366.93143879 14.508
 176  90.058885  60.348014    45.695    45.416  6 56396.67837668 16.034
 177  90.061409  60.349264    46.523    46.519  6 56406.59401794 38.036
 178  90.063162  60.349130    50.352    50.337  6 56416.50965572 35.437
 179  90.062636  60.348963    48.255    48.236  6 56426.42528859 42.232
 180  90.058419  60.348376    61.211    61.237  6 56436.34093873 26.703
 181  90.057116  60.347886    45.545    45.520  5 56446.25659044 41.859
 182  90.059382  60.347629    45.213    45.237  6 56456.17224017 33.109
 183  90.057194  60.348087    48.489    45.178  6 56466.08788631 27.142
 184  90.056003  60.346798    44.790    44.750  6 56476.00352887 48.073
 185  90.051011  60.346542    44.661    44.556  5 56485.91916737 51.195
 187  90.056282  60.346901    43.920    43.841  6 56505.75043816 47.292
 188  90.060906  60.349479    43.840    43.858  6 56515.66607108 46.671
 189  90.062061  60.349252    44.528    43.694  7 56525.58172555 32.836
 190  90.060367  60.347965    44.282    44.259  6 56535.49737613 39.195
 192  90.052546  60.346611    43.957    43.795  5 56555.32866656 42.410
 193  90.056771  60.346805    43.903    43.861  6 56565.24430972 45.313
 194  90.060816  60.348678    57.455    58.120  6 56575.15995136 21.680
 195  90.064975  60.349862    43.462    43.438  7 56585.07559015 43.923
 196  90.065514  60.350267    43.305    43.298  6 56594.99122657 32.231
 197  90.062590  60.348161    43.427    43.451  6 56604.90687948 42.304
 198  90.056590  60.348075    43.280    43.257  6 56614.82252698 38.630
 199  90.055644  60.348445    43.073    43.065  6 56624.73817103 45.953
 200  90.056985  60.348901    43.295    43.047  6 56634.65381244 48.368
 201  90.059983  60.349004    42.986    42.920  6 56644.56944983 42.838
 202  90.056710  60.347741    46.216    46.115  6 56654.48510245 42.603
 203  90.053063  60.346297    50.733    48.733  6 56664.40075085 19.421
 205  90.050674  60.346900    47.735    47.787  6 56684.23204139 22.310
 206  90.055132  60.347753    48.469    48.406  6 56694.14768454 19.317
 207  90.059566  60.348510    47.945    47.971  6 56704.06332333 18.745
 208  90.061292  60.348455    48.406    48.440  6 56713.97895662 18.839
 210  90.051373  60.347360    47.745    47.611  6 56733.81025627 22.325
 211  90.053258  60.347850    50.639    51.389  6 56743.72590335 16.957
 212  90.061472  60.347791    48.412    48.419  6 56753.64154673 23.127
 213  90.063682  60.349628    49.663    49.683  6 56763.55718389 31.293
 214  90.065330  60.349665    55.012    55.341  6 56773.47281777 32.282
 215  90.060314  60.347972    60.853    60.861  6 56783.38847490 26.229
 216  90.054274  60.347468    46.502    45.720  6 56793.30412820 36.206
 217  90.054185  60.346366    55.906    56.260  6 56803.21977929 26.359
 218  90.052887  60.347528    45.855    44.986  6 56813.13542217 33.049
 219  90.053751  60.347628    45.272    45.263  6 56823.05106188 47.837
 221  90.055807  60.347067    44.090    44.042  6 56842.88232958 40.851
 222  90.055495  60.347397    44.038    43.973  5 56852.79797009 47.657
 223  90.053702  60.347780    43.969    43.970  6 56862.71362386 39.699
 224  90.055773  60.347466    44.940    44.939  6 56872.62927749 42.122
 225  90.055456  60.347590    44.936    43.942  6 56882.54492773 25.941
 226  90.053462  60.347749    44.517    44.499  6 56892.46057426 48.235
 227  90.052467  60.347027    45.240    44.363  6 56902.37621795 26.085
 228  90.054773  60.346309    44.873    43.849  6 56912.29186007 27.367
 229  90.055074  60.347829    49.706    47.454  6 56922.20750019 26.081
 230  90.060972  60.348404    43.929    43.870  6 56932.12313870 50.908
 231  90.064148  60.349492    43.447    43.380  6 56942.03877170 31.145
 232  90.063417  60.349455    43.071    43.140  7 56951.95441449 35.455
 233  90.060726  60.347954    42.527    42.662  6 56961.87006554 48.840
 234  90.057427  60.347686    42.784    42.750  6 56971.78571136 46.698
 235  90.056344  60.348169    42.672    42.622  6 56981.70135311 42.614
 236  90.059633  60.347896    45.464    44.739  6 56991.61699085 21.471
 237  90.060062  60.348735    45.970    45.196  6 57001.53262284 21.266
 238  90.054941  60.347986    47.628    47.453  6 57011.44827987 21.192
 239  90.054643  60.346303    47.191    47.612  6 57021.36393169 20.372
 240  90.052202  60.347207    46.850    47.061  6 57031.27958022 20.216
 241  90.055315  60.346969    46.337    45.539  6 57041.19522757 18.834
 242  90.056606  60.347589    49.369    48.787  6 57051.11087256 16.695
 243  90.058150  60.347557    45.001    44.986  6 57061.02651349 21.588
 244  90.059951  60.347444    45.125    45.091  6 57070.94214889 22.375
 245  90.061284  60.348167    45.703    44.972  6 57080.85777979 18.892
 246  90.060807  60.349475    45.901    45.089  6 57090.77342122 20.776
 247  90.062300  60.348881    46.151    45.313  6 57100.68907902 22.065
 248  90.061293  60.349167    46.270    45.599  7 57110.60473330 21.634
 249  90.060448  60.348704    45.256    45.295  7 57120.52038204 21.609
 250  90.058394  60.348071    45.893    45.830  6 57130.43602493 31.391
