# NaN NaN NaN ;Mean Elev.(m), Avg Gradient(m/km), RMS Gradient(m/km) - SRTM1     
#    5.184 -10.423  14.610 ;Mean Elev.(m), Avg Gradient(m/km), RMS Gradient(m/km) - ASTER GDEM
#   27.048  -9.361  13.861 ;Mean Elev.(m), Avg Gradient(m/km), RMS Gradient(m/km) - GMTED2010 
   1  89.787383  61.710075    25.344    25.347  6 54666.19615003 50.927
   2  89.786381  61.711375    25.134    25.153  6 54676.11179468 40.146
   4  89.782760  61.712923    33.667    33.996  5 54695.94307917 22.759
   6  89.787967  61.710376    25.139    25.081  5 54715.77437093 51.629
  11  89.784914  61.712326    24.832    24.838  6 54765.35260859 45.525
  12  89.788424  61.710440    24.516    24.554  5 54775.26825131 43.296
  13  89.789660  61.708276    24.436    24.349  5 54785.18389125 46.627
  14  89.791386  61.708669    24.546    24.522  5 54795.09952990 47.365
  17  89.786246  61.710842    26.612    26.759  5 54824.84645020 29.695
  18  89.786465  61.710829    30.577    30.371  5 54834.76208985 26.288
  19  89.785362  61.711403    29.128    29.496  6 54844.67773959 24.056
  20  89.783851  61.712721    29.856    30.250  6 54854.59338861 23.035
  21  89.780693  61.714010    30.828    31.238  6 54864.50903735 21.337
  22  89.780454  61.714716    29.045    29.390  6 54874.42468603 20.591
  23  89.783536  61.714323    32.124    32.167  5 54884.34033227 18.700
  24  89.784325  61.711713    32.083    32.019  5 54894.25597462 18.953
  25  89.787551  61.710444    32.064    32.123  5 54904.17161462 19.666
  26  89.788243  61.710364    32.446    32.429  5 54914.08725328 18.954
  27  89.787226  61.711273    33.194    33.212  5 54924.00289125  9.846
  28  89.785811  61.711574    29.252    29.550  6 54933.91852831 17.973
  29  89.785925  61.710211    28.048    28.064  5 54943.83416338 36.883
  30  89.790609  61.708381    32.252    32.266  5 54953.74979672 40.264
  31  89.791418  61.706952    33.829    33.900  5 54963.66544140 48.776
  32  89.789253  61.707210    34.547    34.501  5 54973.58108965 28.308
  33  89.788347  61.709414   105.926   107.329  6 54983.49673758 15.728
  36  89.784280  61.711682    34.738    34.282  5 55013.24367606 21.365
  37  89.785959  61.711955    26.315    26.305  6 55023.15931931 51.323
  38  89.784799  61.712380    25.238    25.246  6 55033.07496155 45.076
  39  89.783542  61.712831    25.236    25.253  5 55042.99060303 48.501
  40  89.783989  61.712390    27.015    25.320  5 55052.90624296 28.051
  41  89.786445  61.710838    25.416    25.434  6 55062.82188074 53.527
  42  89.787979  61.709311    25.126    25.144  5 55072.73752503 34.365
  43  89.789041  61.708851    25.216    25.219  6 55082.65317339 51.011
  44  89.787629  61.709289    24.988    24.894  5 55092.56882012 29.731
  45  89.785526  61.710284    25.172    25.088  5 55102.48446663 42.720
  46  89.784928  61.711403    33.160    32.728  5 55112.40011300 20.594
  47  89.786474  61.711285    29.719    31.868  6 55122.31575710 24.752
  48  89.787868  61.709859    24.951    24.897  5 55132.23139811 51.749
  49  89.789910  61.708855    24.691    24.691  6 55142.14703716 44.358
  50  89.789096  61.708783    29.435    29.868  6 55152.06267536 30.674
  51  89.787734  61.709577    32.366    32.393  5 55161.97831379 22.398
  52  89.787425  61.710505    32.458    32.530  6 55171.89395195 19.892
  53  89.787385  61.710422    32.380    32.377  5 55181.80958845 19.342
  54  89.787955  61.711405    32.521    32.574  5 55191.72523851 16.567
  55  89.784713  61.711913    32.258    32.246  5 55201.64088840 17.520
  56  89.784333  61.713238    32.374    32.408  5 55211.55653808 16.751
  57  89.782731  61.713431    32.321    32.362  5 55221.47218707 15.900
  58  89.783446  61.712893    32.163    32.164  6 55231.38783506 16.202
  59  89.786996  61.712178    32.316    32.395  5 55241.30348006 17.214
  60  89.786567  61.710501    32.323    32.365  5 55251.21912105 16.551
  61  89.786156  61.709885    32.099    32.024  5 55261.13475980 17.837
  62  89.785519  61.710067    32.229    32.262  5 55271.05039769 14.247
  64  89.787222  61.709847    32.958    32.856  5 55290.88167223 10.174
  65  89.789806  61.708831    32.718    32.701  6 55300.79730664 11.655
  66  89.791725  61.708728    32.632    32.544  5 55310.71295318 12.093
  67  89.790379  61.708556    30.087    29.117  5 55320.62859857 30.226
  68  89.788926  61.709405   107.900   110.849  6 55330.54424305 21.317
  69  89.788471  61.710982   111.509   112.433  5 55340.45988764  3.668
  70  89.786680  61.711312    30.565    30.513  5 55350.37553174 40.275
  71  89.786114  61.711298    35.426    34.984  5 55360.29117381 26.021
  72  89.785717  61.711352    35.422    35.440  5 55370.20681370 23.114
  73  89.785820  61.711833    34.762    34.572  5 55380.12245215 23.322
  74  89.786532  61.712475    26.353    26.369  5 55390.03808992 47.483
  75  89.787546  61.711930    25.734    25.752  5 55399.95372648 35.761
  76  89.787277  61.710274    25.770    25.815  5 55409.86937363 51.048
  77  89.788806  61.708999    25.649    25.652  6 55419.78502392 46.568
  78  89.788511  61.708240    33.614    33.484  5 55429.70067089 20.771
  79  89.787636  61.709217    28.058    29.020  5 55439.61631556 27.721
  80  89.786206  61.710560    31.375    32.786  5 55449.53195885 23.416
  81  89.785606  61.710856    27.967    28.199  5 55459.44760172 28.365
  82  89.787034  61.710117    35.731    35.654  6 55469.36324381 21.091
  83  89.789273  61.708747    35.439    34.997  6 55479.27888271 25.364
  84  89.789729  61.707510    25.495    25.414  5 55489.19451861 50.338
  85  89.789612  61.707431    25.004    25.044  5 55499.11015226 48.755
  86  89.789648  61.709160    24.725    24.708  6 55509.02579229 52.904
  87  89.787629  61.710636    24.404    24.343  6 55518.94144227 48.476
  88  89.787924  61.711696    26.540    26.554  5 55528.85709148 35.752
  89  89.785014  61.710987    30.909    31.818  5 55538.77273837 26.506
  90  89.784640  61.711271    31.928    31.887  5 55548.68838339 22.579
  91  89.783219  61.712118    31.754    31.733  5 55558.60402670 22.510
  92  89.783049  61.713284    31.833    31.875  5 55568.51966935 22.144
  93  89.782226  61.712454    31.597    31.551  5 55578.43531088 22.756
  94  89.785520  61.710703    31.679    31.595  5 55588.35095035 23.319
  95  89.789669  61.708264    32.065    32.075  6 55598.26658675 22.134
  96  89.791235  61.706776    32.404    32.374  6 55608.18222037 21.905
  97  89.791072  61.707048    32.105    32.110  5 55618.09785206 23.348
  98  89.789195  61.709333    31.818    31.811  6 55628.01349845 23.897
  99  89.785887  61.709750    31.488    31.550  5 55637.92914939 23.076
 100  89.788726  61.709715    32.914    32.899  6 55647.84479875 10.949
 101  89.790600  61.708337    32.546    32.584  5 55657.76044495 16.218
 102  89.791145  61.707816    27.363    27.300  5 55667.67608704 36.986
 103  89.790026  61.708817    34.452    33.929  6 55677.59172655 32.241
 104  89.788220  61.710372    98.458    97.637  5 55687.50736421 11.294
 105  89.786145  61.710788    35.867    35.766  5 55697.42300047 25.726
 106  89.786494  61.709885    28.566    28.621  5 55707.33863545 41.823
 107  89.788732  61.710387    26.401    26.314  5 55717.25428708 51.811
 108  89.785561  61.710080    35.271    35.413  5 55727.16993532 21.283
 109  89.784756  61.711450    31.810    32.540  5 55737.08558225 26.551
 110  89.783383  61.712579    28.632    31.123  5 55747.00122780 28.379
 111  89.783399  61.712306    33.931    33.486  5 55756.91687123 23.025
 112  89.786429  61.710582    25.050    24.994  5 55766.83251218 40.112
 113  89.791949  61.708829    34.161    33.967  5 55776.74815040 21.123
 114  89.790961  61.706608    25.432    25.425  5 55786.66378530 47.308
 115  89.790457  61.707249    25.904    25.942  5 55796.57941893 34.200
 116  89.789348  61.709166    34.321    34.363  5 55806.49506057 21.207
 117  89.788133  61.710362    30.284    29.942  5 55816.41070981 27.501
 118  89.790614  61.709747    25.284    25.484  5 55826.32635607 45.991
 119  89.791019  61.707633    31.188    32.696  6 55836.24199753 26.183
 120  89.791089  61.706368    24.872    24.884  5 55846.15763570 47.218
 121  89.792522  61.707948    25.061    25.081  5 55856.07327165 39.354
 122  89.788753  61.709614    31.064    32.566  6 55865.98891359 37.021
 123  89.786598  61.711833    24.236    24.331  5 55875.90456621 50.770
 133  89.788741  61.708207    28.916    29.764  5 55975.06099893 24.661
 134  89.787407  61.709512    27.724    26.429  5 55984.97663511 24.878
 135  89.789259  61.709965    28.806    28.793  5 55994.89226913 25.748
 136  89.789278  61.709416    29.604    29.241  5 56004.80792114 23.763
 137  89.790826  61.708260    25.737    25.763  5 56014.72356937 26.399
 139  89.789347  61.709860    26.377    26.337  5 56034.55485782 32.360
 141  89.784459  61.711971    30.040    29.962  6 56054.38613720 44.363
 142  89.787525  61.711838    35.640    35.722  5 56064.30177224 26.419
 144  89.786569  61.710873    27.384    27.405  6 56084.13306534 50.001
 145  89.785929  61.711420    25.525    25.526  5 56094.04871263 44.562
 146  89.785666  61.711936    24.801    24.796  5 56103.96435777 37.584
 147  89.786329  61.711334    24.640    24.647  5 56113.87998835 48.849
 148  89.787191  61.709691    32.909    32.397  5 56123.79562664 22.540
 149  89.789013  61.707528    24.710    24.693  5 56133.71126103 51.563
 150  89.792275  61.707533    24.285    24.232  5 56143.62690034 46.170
 151  89.790981  61.708766    24.591    24.513  5 56153.54255090 51.730
 152  89.788867  61.710282    32.566    32.551  5 56163.45820012 21.885
 153  89.785305  61.710244    32.125    32.049  5 56173.37384698 23.314
 154  89.787042  61.709907    24.492    24.566  5 56183.28948925 50.068
 155  89.788721  61.708712    24.078    24.061  5 56193.20512763 50.105
 156  89.790334  61.708342    34.071    34.046  5 56203.12076331 19.283
 157  89.789445  61.708695    23.669    23.682  6 56213.03639707 51.706
 158  89.789730  61.709978    23.687    23.597  5 56222.95202953 37.232
 159  89.787074  61.711713    23.446    23.337  5 56232.86768572 49.078
 160  89.783556  61.711383    24.033    24.085  5 56242.78333757 46.235
 161  89.786848  61.712093    24.295    24.308  5 56252.69898568 42.266
 162  89.785578  61.711293    27.500    27.508  5 56262.61462872 38.730
 164  89.786468  61.711305    29.255    29.897  5 56282.44591247 27.076
 165  89.784940  61.710744    30.643    31.230  5 56292.36156430 26.865
 166  89.787681  61.710461    30.431    31.403  6 56302.27721206 25.973
 167  89.787586  61.709328    31.455    31.527  5 56312.19285522 24.897
 168  89.787831  61.709301    31.844    31.802  5 56322.10849630 22.054
 169  89.788473  61.710318    31.688    31.678  5 56332.02413689 23.002
 170  89.786985  61.710225    31.247    31.694  6 56341.93977667 21.857
 171  89.788716  61.709958    32.032    32.146  6 56351.85541443 20.676
 172  89.790723  61.709310    30.484    30.899  5 56361.77105454 20.755
 173  89.788299  61.708937    29.099    29.831  5 56371.68670357 20.388
 174  89.788926  61.710656    28.849    26.503  5 56381.60235055 20.725
 175  89.784020  61.711287    26.540    26.583  5 56391.51799481 17.271
 176  89.786092  61.712940    27.289    25.813  5 56401.43363823 23.182
 177  89.786154  61.712784    27.111    27.062  5 56411.34927853 36.922
 178  89.784880  61.711009    34.394    34.403  5 56421.26491355 52.213
 179  89.787437  61.711098    35.478    35.280  5 56431.18055276 27.810
 180  89.783970  61.711463    35.601    35.630  5 56441.09620533 25.620
 181  89.784692  61.712553    28.341    28.326  5 56451.01185583 54.570
 182  89.785491  61.712213    27.393    27.380  5 56460.92750384 50.141
 183  89.787797  61.711271    27.693    26.379  5 56470.84314861 31.790
 184  89.786889  61.709376    25.880    25.959  5 56480.75878934 51.551
 185  89.788670  61.709154    25.392    25.414  5 56490.67442664 36.347
 187  89.789122  61.709104    25.056    25.027  6 56510.50569479 47.998
 188  89.788954  61.709080    30.229    31.983  6 56520.42133847 26.035
 189  89.789020  61.709430    25.192    25.217  5 56530.33699203 29.245
 190  89.790439  61.709791    33.858    33.559  5 56540.25264180 19.769
 191  89.789527  61.710061    33.326    33.143  5 56550.16828698 20.567
 192  89.786229  61.710801    34.623    34.314  6 56560.08392962 24.579
 193  89.785743  61.712387    26.494    24.836  5 56569.99957155 33.821
 194  89.785063  61.712900    32.482    32.529  5 56579.91521196 30.083
 195  89.786913  61.711920    24.203    24.227  5 56589.83084845 37.263
 196  89.786990  61.710844    24.973    24.978  6 56599.74649407 50.305
 197  89.787322  61.711284    24.574    24.577  5 56609.66214470 48.160
 198  89.785588  61.711998    24.502    24.474  6 56619.57779042 41.410
 199  89.784582  61.712418    25.716    25.667  6 56629.49343304 45.959
 200  89.785422  61.711370    29.586    28.853  5 56639.40907244 27.527
 201  89.787988  61.709688    32.581    32.604  6 56649.32471777 18.234
 202  89.788920  61.708616    32.600    32.569  5 56659.24036902 17.744
 203  89.789323  61.709161    32.625    32.674  6 56669.15601645 17.774
 205  89.785120  61.711680    32.340    32.387  5 56688.98730454 21.267
 206  89.785903  61.711296    32.388    32.376  5 56698.90294520 18.447
 207  89.788295  61.709484    32.637    32.653  5 56708.81858121 17.828
 208  89.791196  61.708847    32.901    32.932  5 56718.73422033 15.569
 211  89.784100  61.714308    34.179    34.118  5 56748.48116615  9.115
 212  89.782506  61.713578    28.389    28.355  5 56758.39680614 24.181
 213  89.786565  61.712222    29.382    29.407  5 56768.31244050 31.685
 214  89.785467  61.710550    32.156    32.119  5 56778.22808704 49.807
 215  89.784427  61.711264    35.001    34.905  5 56788.14374294 24.411
 216  89.784046  61.713166    30.854    30.915  5 56798.05939549 43.395
 217  89.783355  61.714292    31.116    32.312  5 56807.97504224 35.229
 219  89.787608  61.711248    28.436    28.341  5 56827.80632027 44.598
 220  89.790957  61.708861   170.761   170.557  5 56837.72195430  6.182
 221  89.788993  61.706962    25.344    25.351  5 56847.63758513 45.415
 222  89.788028  61.709395    25.764    24.455  6 56857.55323772 29.529
 223  89.784281  61.711194    25.158    25.175  5 56867.46889111 37.090
 224  89.786112  61.712588    31.689    32.413  5 56877.38454333 22.871
 225  89.784828  61.711388    33.157    33.220  5 56887.30019178 19.653
 226  89.786838  61.710816    34.816    34.521  6 56897.21583788 19.021
 227  89.786168  61.711334    25.789    25.779  6 56907.13148105 48.784
 228  89.785199  61.713370    25.563    25.550  5 56917.04712217 47.928
 229  89.780623  61.713847    27.082    25.691  5 56926.96276080 31.214
 230  89.781152  61.713513    25.163    25.119  5 56936.87839613 52.221
 231  89.785588  61.711540    32.487    32.508  6 56946.79402628 25.802
 232  89.785389  61.710164    24.486    24.528  5 56956.70968032 48.262
 233  89.786840  61.710455    24.090    24.020  5 56966.62532921 44.144
 234  89.785689  61.711459    25.732    25.651  6 56976.54097382 45.228
 235  89.786287  61.712706    26.316    26.305  5 56986.45661415 30.998
 236  89.787304  61.711506    30.005    30.542  5 56996.37224851 23.028
 237  89.789887  61.709762    31.528    32.367  5 57006.28789294 23.775
 238  89.790124  61.708465    31.045    31.061  6 57016.20354731 22.532
 239  89.789330  61.708743    30.253    30.189  5 57026.11919778 22.482
 240  89.787386  61.710765    31.468    32.057  6 57036.03484627 21.427
 241  89.784651  61.711990    28.577    28.968  6 57045.95049196 22.965
 242  89.785256  61.712194    30.418    30.352  6 57055.86613448 21.330
 243  89.786987  61.710542    31.295    32.298  5 57065.78177175 22.729
 244  89.789122  61.709421    33.281    33.709  5 57075.69740462 16.839
 245  89.789530  61.708909    30.201    32.066  6 57085.61303438 21.228
 246  89.787192  61.711801    27.582    26.152  5 57095.52869085 22.210
 247  89.783660  61.713864    32.688    32.769  5 57105.44434719 14.963
 248  89.783312  61.714534    36.006    36.120  5 57115.35999918  6.591
 249  89.785293  61.713503    26.944    26.992  5 57125.27564491 20.753
 250  89.784299  61.711110    27.454    27.350  5 57135.19128488 29.971
