# NaN NaN NaN ;Mean Elev.(m), Avg Gradient(m/km), RMS Gradient(m/km) - SRTM1     
#   22.165  -1.819  18.384 ;Mean Elev.(m), Avg Gradient(m/km), RMS Gradient(m/km) - ASTER GDEM
#   34.120  -3.630  20.298 ;Mean Elev.(m), Avg Gradient(m/km), RMS Gradient(m/km) - GMTED2010 
   5  89.807195  61.405626   170.432   170.141  9 54704.06992941  2.871
   8  89.774285  61.408090   166.637   166.604 10 54733.81687562  2.085
   9  89.771668  61.409279   168.386   168.190  8 54743.73252209  1.736
  10  89.777031  61.408618   166.029   166.126 11 54753.64816912  1.572
  11  89.779747  61.407746   154.040   154.327 11 54763.56381528  2.370
  14  89.765550  61.409807   160.289   160.063  7 54793.31073587  1.624
  17  89.788118  61.408867    33.155    33.316 14 54823.05765628 27.231
  18  89.784818  61.408180    34.008    33.864 13 54832.97329643 23.670
  19  89.782701  61.407693    33.799    33.787 12 54842.88894646 24.226
  20  89.781091  61.408645    33.751    33.761 12 54852.80459518 24.539
  21  89.783521  61.409388    33.573    33.563 13 54862.72024393 23.688
  22  89.788814  61.408382    34.061    34.072 13 54872.63589303 23.146
  23  89.784622  61.408498    33.670    33.693 13 54882.55153906 17.067
  24  89.774791  61.408790    33.853    33.818 10 54892.46718125 17.150
  25  89.771011  61.407365    33.970    34.018  9 54902.38282144 15.761
  26  89.769651  61.407693    33.923    33.923  8 54912.29846027 17.562
  27  89.775880  61.407701    34.003    33.995 10 54922.21409893 17.017
  28  89.781155  61.408347    34.029    34.049 12 54932.12973674 21.401
  29  89.782679  61.408614    34.556    34.591 13 54942.04537259 30.738
  30  89.794269  61.404134    35.982    36.000  7 54951.96100816 35.406
  32  89.765926  61.410884   164.806   164.806  2 54971.79229568  0.306
  33  89.779245  61.408371   165.971   165.881 11 54981.70794467  7.651
  36  89.756867  61.416924   173.817   173.817  2 55011.45488016  0.502
  37  89.795727  61.403815    36.512    35.378  5 55021.37052865 16.068
  38  89.791146  61.406078    30.844    30.830 10 55031.28617040 41.561
  39  89.811561  61.401304    34.622    36.681  3 55041.20181462 35.277
  40  89.805438  61.404962    30.673    30.686  9 55051.11745399 40.588
  41  89.805826  61.404433    30.678    30.662  8 55061.03309228 36.229
  42  89.795021  61.404988    30.804    30.734  7 55070.94873327 41.180
  43  89.786773  61.404026    30.786    30.797  4 55080.86438165 41.419
  46  89.757845  61.414935   172.179   172.571  3 55110.61131704  1.286
  47  89.800430  61.401674    30.335    30.335  2 55120.52696653 46.172
  48  89.775389  61.407840    30.617    30.627 10 55130.44260483 41.673
  49  89.770260  61.407392    30.657    30.672  9 55140.35824381 46.373
  50  89.771815  61.407240    32.935    32.988  8 55150.27388253 40.332
  51  89.776150  61.408874    34.966    35.054 11 55160.18952126 24.086
  52  89.788474  61.408303    34.612    34.321 13 55170.10516063 22.572
  53  89.791100  61.409196    34.648    34.346 14 55180.02079766 21.213
  54  89.787359  61.408905    34.773    34.597 13 55189.93644482 16.963
  55  89.782779  61.408735    34.828    34.693 12 55199.85209491 14.059
  56  89.781936  61.408774    34.809    34.604 13 55209.76774449 14.048
  57  89.787236  61.408047    35.144    34.987 13 55219.68339421 13.283
  58  89.784554  61.408732    34.757    34.568 12 55229.59904208 12.251
  59  89.782182  61.408166    34.566    34.534 12 55239.51468694 13.472
  60  89.773766  61.408305    34.604    34.612 10 55249.43032759 13.645
  61  89.771442  61.407083    34.481    34.541  9 55259.34596670 11.632
  62  89.770919  61.407370    34.307    34.313  9 55269.26160513 10.913
  63  89.776116  61.407630    34.365    34.353 10 55279.17724396 12.700
  66  89.779794  61.408122    37.769    37.589 12 55308.92416000 17.894
  67  89.774391  61.407734   152.244   152.136 10 55318.83980563  5.032
  68  89.774454  61.407299   159.880   159.808  9 55328.75545064  5.159
  69  89.776614  61.408395   167.013   166.715 10 55338.67109511  2.335
  70  89.782663  61.408823   166.839   166.471 13 55348.58673962  2.594
  73  89.809615  61.401200    37.026    37.026  2 55378.33366383 27.170
  78  89.786740  61.405221    30.579    30.600  6 55427.91187949 32.684
  79  89.759320  61.412093   171.064   171.064  2 55437.82752094  0.346
  81  89.774446  61.408465   166.343   167.247 10 55457.65880908  2.361
  82  89.760535  61.413963   171.615   171.543  4 55467.57444943  1.482
  83  89.765394  61.412586   169.813   170.522  5 55477.49008907  1.085
  84  89.764857  61.412373   171.254   171.548  6 55487.40572495  1.238
  85  89.796844  61.402021    30.249    30.249  2 55497.32136285 40.364
  88  89.785039  61.408704    30.635    30.566 13 55527.06829812 38.885
  89  89.785948  61.408738    31.884    31.150 13 55536.98394581 23.517
  90  89.784255  61.408894    32.858    33.024 13 55546.89959100 20.062
  91  89.783394  61.408803    33.809    33.725 13 55556.81523443 19.954
  92  89.785116  61.408558    33.955    33.934 13 55566.73087717 18.180
  93  89.784073  61.409220    33.703    33.730 13 55576.64651883 18.059
  94  89.784377  61.408470    33.781    33.665 12 55586.56215885 18.319
  95  89.779506  61.408861    33.706    33.537 12 55596.47779510 15.129
  96  89.777969  61.408637    33.336    33.450 11 55606.39342876 16.941
  97  89.780235  61.408460    33.280    33.133 12 55616.30906076 16.187
  98  89.783701  61.408322    33.111    33.176 13 55626.22470373 16.627
  99  89.783666  61.408199    33.382    33.344 13 55636.14035581 16.158
 101  89.775040  61.408848    32.497    32.497 10 55655.97165216 12.252
 102  89.774710  61.408064    32.591    32.652 10 55665.88729492 25.029
 103  89.776552  61.407721   158.844   158.974 10 55675.80293480  7.061
 104  89.781085  61.407898   164.116   165.466 12 55685.71857302  6.232
 105  89.783887  61.409151   167.400   165.959 13 55695.63420978  5.554
 106  89.768844  61.415843   171.684   174.380  5 55705.54984297  0.955
 107  89.809754  61.402554    31.042    31.024  4 55715.46549658 49.166
 108  89.802395  61.404031    30.442    30.493  6 55725.38114454 47.149
 109  89.796961  61.405557    30.273    30.247  9 55735.29679085 43.669
 110  89.762007  61.416906   168.846   170.961  3 55745.21243208  2.757
 111  89.810877  61.401077    30.464    30.464  2 55755.12808254 48.815
 112  89.807982  61.400621    33.711    33.711  2 55765.04372409 37.363
 117  89.770008  61.413982   168.086   169.921  6 55814.62191432  1.722
 119  89.799318  61.401821    30.269    30.252  3 55834.45320777 47.130
 122  89.787477  61.409025    30.265    30.255 13 55864.20011853 37.583
 123  89.788861  61.409064    30.260    30.252 13 55874.11577226 47.287
 133  89.773942  61.408272    33.274    33.264 10 55973.27220666 15.253
 134  89.782622  61.408779    32.975    32.981 13 55983.18784365 17.879
 135  89.788524  61.409326    32.987    32.728 14 55993.10347846 19.307
 136  89.786282  61.408401    32.663    32.626 13 56003.01912769 18.186
 137  89.774454  61.408840    32.682    32.701 10 56012.93477605 17.935
 139  89.776172  61.407787    32.922    32.945 10 56032.76606567 27.729
 141  89.789833  61.409121   153.703   151.061 14 56052.59734649  6.479
 142  89.792443  61.409185   162.617   163.555 14 56062.51298226  7.309
 143  89.789313  61.409141   164.789   164.743 14 56072.42862229  3.941
 144  89.785279  61.408644   166.093   165.234 12 56082.34427223  3.068
 145  89.798927  61.404206    31.599    30.607  6 56092.25992180 36.910
 146  89.794133  61.406746    30.195    30.182 10 56102.17556661 47.006
 147  89.794862  61.406420    30.178    30.211  9 56112.09119794 47.968
 148  89.787197  61.407439    30.146    30.133 12 56122.00683634 48.526
 149  89.780012  61.407803    30.432    30.414 11 56131.92247105 45.502
 150  89.774574  61.408740    30.268    30.194 10 56141.83810646 38.961
 151  89.777499  61.407976    30.553    30.552 10 56151.75375761 42.471
 152  89.788226  61.406433    30.088    30.095  9 56161.66940780 43.031
 153  89.792108  61.406438    30.113    30.105 10 56171.58505533 42.206
 154  89.803451  61.402084    29.812    29.839  4 56181.50069958 52.048
 155  89.794590  61.403003    29.894    29.894  3 56191.41633757 38.328
 157  89.764790  61.413782   168.999   170.850  4 56211.24760395  1.387
 158  89.792916  61.408875    29.744    29.791 14 56221.16323942 37.137
 159  89.796552  61.409188    29.888    29.875 14 56231.07889206 41.083
 160  89.791588  61.409784    30.872    30.836 14 56240.99454449 35.512
 161  89.787788  61.408911    31.039    31.093 13 56250.91019309 30.178
 162  89.785248  61.408168    31.254    31.260 13 56260.82583699 28.981
 163  89.784535  61.408604    30.820    30.754 13 56270.74147852 20.322
 164  89.788806  61.408249    31.080    31.093 13 56280.65711882 22.368
 165  89.787087  61.408260    31.489    31.469 13 56290.57277083 19.723
 166  89.780578  61.408300    31.596    31.624 12 56300.48841811 17.862
 167  89.773669  61.407946    31.527    31.529  9 56310.40406133 20.234
 168  89.771818  61.407318    31.251    31.279  8 56320.31970285 18.381
 169  89.773106  61.408203    31.208    31.191 10 56330.23534381 18.322
 170  89.782022  61.408055    31.174    31.170 12 56340.15098498 20.742
 171  89.787024  61.408729    31.015    31.061 13 56350.06662351 23.442
 172  89.785499  61.409120    32.870    32.722 13 56359.98226060 14.025
 173  89.779245  61.408120    31.490    31.494 12 56369.89791033 16.705
 176  89.786699  61.408061    31.302    31.279 13 56399.64484669 16.189
 177  89.789164  61.409584    31.936    31.905 14 56409.56048734 33.996
 178  89.793499  61.408923   150.403   149.179 14 56419.47612383  6.644
 179  89.791687  61.409042   163.091   164.022 14 56429.39175855  5.261
 180  89.787045  61.408159   164.449   164.430 13 56439.30741168  3.995
 181  89.782420  61.408535   173.098   174.859 12 56449.22306224  2.867
 185  89.784145  61.405479    30.794    30.770  7 56488.88563642 38.062
 187  89.781074  61.408686    30.843    30.814 12 56508.71690453 43.957
 188  89.787095  61.408752    30.681    30.748 14 56518.63254469 44.727
 189  89.793437  61.406539    30.454    30.454 10 56528.54819939 43.977
 190  89.786787  61.407844    30.836    30.778 11 56538.46384829 36.348
 191  89.794908  61.403746    30.347    30.334  6 56548.37949513 40.966
 192  89.758808  61.414603   177.085   177.085  2 56558.29513371  0.614
 194  89.764587  61.416268   160.837   161.131  4 56578.12641748  1.290
 195  89.794128  61.409153    30.352    30.312 15 56588.04205846 44.115
 196  89.773257  61.415916   165.716   164.543  5 56597.95769806  1.210
 197  89.788044  61.408935    30.342    30.342 14 56607.87335166 48.069
 198  89.785072  61.408536    30.290    30.314 12 56617.78899787 44.120
 199  89.785474  61.408200    30.412    30.402 13 56627.70464097 47.222
 200  89.786810  61.408133    30.618    30.621 13 56637.62028128 48.309
 201  89.785710  61.408098    32.822    32.792 13 56647.53592344 31.660
 202  89.778884  61.408116    33.028    33.037 11 56657.45157463 24.677
 203  89.773970  61.408125    32.544    32.553 10 56667.36722175 24.184
 205  89.776473  61.408920    32.417    32.246 11 56687.19851094 23.789
 206  89.783094  61.408109    32.924    32.452 12 56697.11415355 20.269
 207  89.783429  61.408777    32.245    32.245 12 56707.02979082 22.768
 208  89.784450  61.408553    32.507    32.246 13 56716.94542615 22.974
 212  89.788866  61.408718    33.044    33.106 13 56756.60801540 26.723
 213  89.791720  61.409045    34.117    34.160 14 56766.52365099 30.431
 214  89.804529  61.404303    35.571    35.609  7 56776.43929450 45.736
 215  89.783998  61.408766   159.394   161.579 13 56786.35494851  7.001
 216  89.780112  61.408736   164.980   165.754 12 56796.27060103  5.296
 217  89.779760  61.408395   165.342   165.914 12 56806.18624933  3.391
 219  89.764689  61.412193   175.957   175.844  5 56826.01752769  0.871
 221  89.780038  61.408164    30.895    30.842 11 56845.84879593 36.200
 222  89.784143  61.407572    30.388    30.393 11 56855.76444410 45.362
 223  89.790926  61.405970    30.641    30.629 10 56865.68009828 43.221
 224  89.799025  61.402938    31.065    31.082  4 56875.59575173 44.986
 228  89.767371  61.412285   171.607   172.328  7 56915.25832783  2.326
 229  89.778471  61.411142   167.084   167.924  9 56925.17396843  1.906
 230  89.819043  61.400203    30.223    30.223  2 56935.08960994 48.380
 231  89.818290  61.401379    30.009    29.978  3 56945.00524096 46.424
 232  89.772030  61.413889   167.784   167.778  4 56954.92088540  0.653
 233  89.772200  61.411942   160.689   158.686  7 56964.83653530  2.574
 236  89.788098  61.408979    32.411    31.825 13 56994.58345800 22.075
 237  89.783133  61.409238    31.201    31.214 13 57004.49909714 23.162
 238  89.775563  61.408262    31.444    31.416 10 57014.41475222 20.511
 239  89.771850  61.408329    31.581    31.577  9 57024.33040281 16.035
 240  89.776342  61.408639    31.353    31.397 10 57034.24605183 15.869
 241  89.782796  61.408812    31.136    31.141 13 57044.16169864 22.765
 242  89.785700  61.408598    30.773    30.778 13 57054.07734247 22.009
 243  89.782637  61.408572    30.837    30.927 12 57063.99298106 23.056
 245  89.787300  61.408340    31.045    31.066 13 57083.82424566 20.304
 246  89.790391  61.408972    31.281    31.283 14 57093.73989654 20.074
 247  89.794032  61.408772    31.369    31.381 14 57103.65555364 24.375
 249  89.766637  61.415513   166.508   168.044  5 57123.48684976  0.788
 250  89.783536  61.408199    31.873    31.822 13 57133.40249349 29.709
