# NaN NaN NaN ;Mean Elev.(m), Avg Gradient(m/km), RMS Gradient(m/km) - SRTM1     
#  -14.857  -2.319   7.986 ;Mean Elev.(m), Avg Gradient(m/km), RMS Gradient(m/km) - ASTER GDEM
#   10.003  -1.179   5.110 ;Mean Elev.(m), Avg Gradient(m/km), RMS Gradient(m/km) - GMTED2010 
   1  87.795214  64.945373    17.788    20.004  3 54659.40867969 27.663
   2  87.808395  64.942693    13.519    13.543  6 54669.32432711 24.121
   3  87.810567  64.943037   -17.856   -17.783  7 54679.23997143 15.959
   4  87.808392  64.944900    15.012    15.001  7 54689.15561411 28.643
   5  87.808998  64.946003   -17.710   -17.638  6 54699.07125501  7.198
   6  87.808269  64.945308     9.431     9.448  7 54708.98689885 46.240
   7  87.809474  64.942760    -0.012     0.960  7 54718.90255069 16.748
   8  87.806824  64.940581    13.278    13.707  7 54728.81819952 24.880
   9  87.806202  64.939668    23.911    23.365  6 54738.73384686 23.794
  10  87.805874  64.940275    11.991    13.159  7 54748.64949399 39.125
  11  87.808089  64.940941    11.559    11.930  6 54758.56514106 33.375
  12  87.805381  64.941580    18.364    18.408  7 54768.48078545 20.003
  13  87.807111  64.940428     8.661     8.586  6 54778.39642700 45.947
  14  87.807825  64.939129     9.423     9.456  7 54788.31206605 32.791
  15  87.806824  64.939154    10.613    10.332  7 54798.22770388 26.989
  17  87.807877  64.942788    15.266    15.109  6 54818.05897908 18.693
  18  87.808958  64.943447    16.622    16.878  6 54827.97462991 15.991
  19  87.807973  64.943134    17.734    17.572  7 54837.89026884 15.696
  20  87.808079  64.942741    18.011    18.463  7 54847.80591820 14.363
  21  87.809633  64.942755    17.878    18.195  7 54857.72156707 14.489
  22  87.807630  64.943796    17.379    17.482  7 54867.63721561 14.601
  23  87.808584  64.943618    17.976    17.960  6 54877.55286379 15.007
  24  87.806782  64.942805    18.250    17.937  7 54887.46850873 13.559
  25  87.805934  64.940960    18.625    18.595  7 54897.38415047 13.496
  26  87.807046  64.939496    17.290    17.803  6 54907.29978978 13.555
  27  87.806475  64.939739    18.235    18.179  6 54917.21542765 12.489
  28  87.808011  64.940534    12.474    12.510  7 54927.13106556 13.625
  29  87.805499  64.941613    34.099    33.910  7 54937.04670246  9.456
  30  87.809603  64.941160    10.925    10.934  7 54946.96233825 34.107
  31  87.809549  64.940677    12.993    12.468  7 54956.87797210 23.008
  32  87.807361  64.940142    15.741    15.747  7 54966.79362055 30.811
  33  87.807621  64.940274    20.069    20.017  6 54976.70926816 55.436
  34  87.807409  64.941253    19.489    19.515  6 54986.62491566 36.497
  35  87.808499  64.942046    18.675    18.718  6 54996.54056340 31.355
  36  87.808621  64.942549    13.898    13.763  6 55006.45620941 27.138
  37  87.808122  64.942850    11.805    11.806  6 55016.37185321 29.004
  38  87.809280  64.943028    18.428    18.591  7 55026.28749578 31.395
  39  87.809278  64.943899    14.202    14.523  7 55036.20313777 27.215
  40  87.808519  64.944572     8.896     8.874  6 55046.11877885 51.539
  41  87.809540  64.944022     8.908     8.900  7 55056.03441837 50.194
  42  87.806340  64.942841     9.239     8.888  7 55065.95005522 51.023
  43  87.807505  64.940749    14.909    15.350  6 55075.86570451 24.072
  44  87.808833  64.939701    11.371    12.085  7 55085.78135251 30.410
  45  87.806451  64.940440    21.889    22.033  7 55095.69699839 24.440
  46  87.807592  64.940826    23.954    24.311  6 55105.61264435 22.849
  47  87.807068  64.940726    24.676    26.992  7 55115.52828990 22.169
  48  87.806764  64.939858    10.064     8.316  6 55125.44393313 33.809
  49  87.808965  64.938869     8.120     8.146  7 55135.35957402 40.232
  50  87.805046  64.939506    10.132     9.838  7 55145.27521216 33.486
  51  87.806103  64.940638    11.084    11.367  7 55155.19085006 25.131
  52  87.805588  64.942069    13.574    13.518  7 55165.10648807 23.474
  53  87.808138  64.942928    14.988    14.792  7 55175.02212620 20.788
  54  87.809333  64.943030    15.757    16.010  7 55184.93776661 19.387
  55  87.809890  64.942720    15.897    16.112  7 55194.85341785 18.831
  56  87.808896  64.943124    16.808    17.309  6 55204.76906758 17.938
  57  87.807106  64.944235    17.115    17.279  7 55214.68471650 16.964
  58  87.809654  64.943995    17.898    17.759  7 55224.60036539 14.612
  59  87.806063  64.943001    17.792    17.744  7 55234.51601192 14.506
  60  87.806092  64.940604    18.044    18.000  7 55244.43165563 13.974
  61  87.806310  64.938717    17.895    17.981  7 55254.34729636 14.129
  62  87.808903  64.938525    17.603    17.676  7 55264.26293542 13.192
  63  87.807493  64.940604    17.834    17.713  7 55274.17857307 13.204
  64  87.808590  64.941860    18.221    18.063  7 55284.09421048 13.471
  65  87.805897  64.941876    18.430    18.763  7 55294.00984613 13.522
  66  87.806472  64.940206    17.420    17.300  6 55303.92548378 13.408
  67  87.804748  64.939008    16.140    15.173  7 55313.84113121 16.081
  68  87.807092  64.939362    11.125    11.129  6 55323.75677685 38.885
  69  87.807691  64.941171    15.582    15.587  6 55333.67242090 31.791
  70  87.809314  64.942433    23.216    23.209  7 55343.58806491 32.074
  71  87.809020  64.942582    20.705    18.530  7 55353.50370833 31.655
  72  87.807523  64.942447    15.700    15.765  6 55363.41934954 28.217
  73  87.807225  64.942604    19.895    20.737  7 55373.33498905 26.901
  74  87.808358  64.943607    16.434    15.528  7 55383.25062738 28.517
  75  87.808355  64.944933    12.903    13.201  6 55393.16626482 26.012
  76  87.809018  64.945431    14.085    14.045  6 55403.08190106 23.765
  77  87.810305  64.943270    12.593    12.798  7 55412.99755333 27.393
  78  87.805312  64.941018    18.882    18.616  7 55422.91320217 30.872
  79  87.808060  64.938500    24.782    25.651  7 55432.82884906 20.782
  80  87.806458  64.938994    13.479    14.755  6 55442.74449345 28.532
  81  87.807310  64.940532    25.544    25.283  6 55452.66013650 22.473
  82  87.806085  64.942296     9.486     9.475  7 55462.57577853 36.722
  83  87.807324  64.941659    18.152    15.822  6 55472.49141908 25.625
  84  87.806397  64.940088    20.537    18.235  6 55482.40705668 22.163
  85  87.806116  64.938752    18.285    18.232  6 55492.32269214 25.132
  86  87.806252  64.939791     7.901     7.845  6 55502.23832585 29.684
  87  87.809928  64.941501     8.143     8.143  7 55512.15397145 46.126
  88  87.807407  64.943640     9.890     9.895  7 55522.06962071 34.191
  89  87.808714  64.943699     9.119     9.117  6 55531.98526915 31.075
  90  87.806046  64.942997     8.843     8.884  7 55541.90091561 25.962
  91  87.807670  64.942010     9.711     9.378  7 55551.81656039 24.707
  92  87.807683  64.942551    10.270    10.289  7 55561.73220348 25.238
  93  87.808387  64.943841    11.004    10.788  6 55571.64784582 21.936
  94  87.808905  64.944214    12.390    12.547  6 55581.56348704 17.853
  95  87.806409  64.943030    13.647    13.905  7 55591.47912494 16.469
  96  87.806395  64.940609    14.079    14.111  6 55601.39475991 16.947
  97  87.806366  64.939226    13.858    13.243  6 55611.31039269 16.425
  98  87.804923  64.940467    15.764    15.125  7 55621.22602494 15.160
  99  87.808768  64.941669    16.903    17.624  7 55631.14167815 13.715
 100  87.808635  64.942743    16.111    17.154  6 55641.05732894 14.364
 101  87.807781  64.941957    17.611    17.870  6 55650.97297711 11.303
 102  87.806665  64.939717    38.313    38.402  7 55660.88862163 13.479
 103  87.805072  64.938602     9.873     9.861  7 55670.80426268 45.589
 104  87.808876  64.939077    16.156    15.948  7 55680.71990235 31.174
 105  87.807334  64.942081    19.525    19.516  6 55690.63553951 50.287
 106  87.809481  64.944149    18.507    18.489  7 55700.55117547 55.455
 107  87.808252  64.944868    16.089    16.079  6 55710.46681515 30.191
 108  87.808857  64.943562    18.915    18.473  7 55720.38246533 24.315
 109  87.808047  64.942823    19.060    20.491  7 55730.29811318 25.637
 110  87.806368  64.943111    15.526    15.657  7 55740.21375960 31.498
 111  87.810638  64.943067    14.517    15.493  7 55750.12940538 23.932
 112  87.808994  64.943292    15.999    15.986  6 55760.04504824 20.954
 113  87.808928  64.942265    19.030    20.715  7 55769.96068846 24.225
 114  87.807442  64.940536     9.594     9.534  6 55779.87632526 38.024
 115  87.804798  64.939769    15.291    16.547  7 55789.79195928 25.015
 116  87.806696  64.940243    22.992    23.865  6 55799.70759241 21.153
 117  87.807138  64.941577    17.896    15.223  7 55809.62323947 30.011
 118  87.806282  64.942923    10.422    10.225  7 55819.53888814 51.679
 119  87.807603  64.942502     9.230     9.197  7 55829.45453267 51.471
 120  87.808590  64.940781    23.500    23.394  7 55839.37017280 25.330
 121  87.807137  64.939687    24.547    24.880  6 55849.28580964 23.917
 122  87.806759  64.940701    12.555     9.454  7 55859.20144447 31.867
 123  87.808290  64.942494     7.996     7.970  6 55869.11709341 46.106
 133  87.808650  64.939186    17.633    17.514  7 55968.27353637 16.006
 134  87.805123  64.940736    17.949    17.873  7 55978.18917268 16.307
 135  87.806580  64.941933    17.787    17.674  7 55988.10480884 15.949
 136  87.810227  64.942021    17.151    17.251  7 55998.02044946 16.864
 137  87.807532  64.941497    17.540    17.504  7 56007.93610052 17.099
 138  87.807752  64.940272    17.894    17.889  6 56017.85174767 15.308
 139  87.806709  64.940094    18.142    18.168  7 56027.76739169 12.151
 141  87.806381  64.942718     9.910    10.017  7 56047.59867431 28.228
 142  87.810557  64.943691    12.612    12.710  7 56057.51431228 30.083
 143  87.809016  64.944742    18.969    18.892  7 56067.42994538 37.374
 144  87.809752  64.943998    21.625    23.539  7 56077.34559490 32.488
 145  87.808535  64.943555    15.767    15.755  6 56087.26124365 41.787
 146  87.810276  64.943097    17.890    16.664  7 56097.17689024 25.075
 147  87.809527  64.942800    13.044    13.665  7 56107.09253444 29.140
 148  87.810108  64.941732    14.204    14.020  7 56117.00816442 23.185
 149  87.807188  64.941150     8.507     7.877  7 56126.92380191 51.988
 150  87.808489  64.940368    12.801    14.753  7 56136.83943596 26.001
 151  87.806101  64.940782    10.001    11.361  7 56146.75508014 31.247
 152  87.808146  64.941100     8.279     7.103  7 56156.67072966 34.994
 153  87.806101  64.941929     7.618     6.879  7 56166.58637783 35.158
 154  87.808071  64.941409     7.018     7.008  6 56176.50202406 44.357
 155  87.808284  64.940795    16.280    14.574  7 56186.41766523 26.550
 156  87.807639  64.940433     7.258     7.214  6 56196.33330259 40.392
 157  87.806299  64.941407     7.668     6.981  7 56206.24893684 40.452
 158  87.807284  64.943129     6.541     6.421  7 56216.16456981 38.969
 159  87.807033  64.944849     6.634     6.661  7 56226.08020998 43.114
 160  87.808393  64.944659    14.142    15.068  7 56235.99586535 32.011
 161  87.809465  64.943739    12.787    12.765  7 56245.91151685 29.665
 162  87.807964  64.943305    17.450    17.347  6 56255.82716297 23.056
 163  87.808260  64.943544    17.666    17.722  7 56265.74280534 22.173
 164  87.809119  64.943881    16.908    17.123  6 56275.65844603 20.716
 165  87.808798  64.943306    17.755    18.006  6 56285.57409199 18.590
 166  87.806571  64.941625    17.829    18.010  7 56295.48974225 17.410
 167  87.806063  64.939525    17.814    17.677  7 56305.40538857 17.736
 168  87.805279  64.939050    17.948    17.963  7 56315.32103130 15.788
 169  87.808637  64.939973    17.606    17.440  7 56325.23667248 15.617
 170  87.810011  64.941652    17.645    17.652  7 56335.15231261 15.102
 171  87.807634  64.942584    18.086    18.129  6 56345.06795147 14.040
 172  87.809630  64.941574    17.669    17.633  7 56354.98358852 14.412
 173  87.805731  64.940652    17.929    17.958  7 56364.89923353 14.994
 174  87.808768  64.939847    17.531    17.547  7 56374.81488275 14.784
 176  87.807267  64.943287    18.610    18.527  7 56394.64617209 14.419
 177  87.809799  64.944037    14.468    13.992  7 56404.56181412  9.613
 178  87.808066  64.944417     9.716     9.375  7 56414.47745273 37.227
 179  87.808002  64.943898    19.498    19.499  7 56424.39308668 53.045
 180  87.808325  64.943282    21.335    21.339  7 56434.30873279 50.117
 181  87.806386  64.943309    17.783    17.778  7 56444.22438477 32.326
 182  87.809076  64.943452    15.294    15.292  6 56454.14003468 24.319
 183  87.809769  64.942789    11.631    11.332  7 56464.05568166 36.497
 184  87.806373  64.941486    10.587    10.198  7 56473.97132484 43.083
 185  87.806544  64.939446     9.447     9.396  7 56483.88696499 36.638
 187  87.808323  64.940669     8.157     8.079  7 56503.71823618 52.543
 188  87.806431  64.943658    10.308    10.344  7 56513.63386861 30.386
 189  87.808073  64.943938     7.562     7.523  6 56523.54951873 37.076
 190  87.807941  64.942361     7.745     7.748  6 56533.46517059 27.877
 192  87.807425  64.939927     9.130     9.078  7 56553.29646344 49.672
 193  87.807108  64.941822    17.010    17.698  7 56563.21210603 27.278
 194  87.807596  64.944358    16.260    17.629  7 56573.12774742 24.685
 195  87.809943  64.945600     7.631     7.641  6 56583.04338687 31.556
 196  87.809487  64.945374     7.647     7.519  7 56592.95902166 48.353
 197  87.806544  64.943731    10.506    10.459  7 56602.87467324 35.723
 198  87.809825  64.941992    10.647    10.645  7 56612.79032279 24.465
 199  87.810092  64.942536    12.929    13.250  7 56622.70596763 18.288
 200  87.808443  64.943671    12.867    12.409  6 56632.62160933 17.933
 201  87.808109  64.943909    14.379    14.242  6 56642.53724677 18.287
 202  87.806322  64.942016    18.484    18.398  7 56652.45289666 15.760
 203  87.807052  64.939480    17.972    17.928  6 56662.36854643 17.086
 204  87.806514  64.938646    16.485    17.577  6 56672.28419311 15.704
 205  87.806015  64.940411    14.907    15.307  7 56682.19983804 17.045
 206  87.807416  64.942385    13.998    13.849  7 56692.11548111 15.311
 207  87.810269  64.943218    12.475    11.378  7 56702.03112043 15.369
 208  87.808850  64.942564    17.045    17.044  7 56711.94675448 15.305
 209  87.809016  64.940792    16.219    16.490  7 56721.86240027 15.323
 210  87.808350  64.940116    16.429    16.414  7 56731.77805172 14.594
 211  87.807741  64.941929    23.594    22.227  7 56741.69369931 13.813
 212  87.807057  64.944529    23.659    25.752  7 56751.60934251  7.185
 213  87.810227  64.945611     9.087     9.068  7 56761.52498103 23.520
 214  87.809446  64.945469    10.188    10.297  6 56771.44061253 30.542
 215  87.808569  64.943230    13.320    13.339  6 56781.35626791 36.991
 216  87.808175  64.941603    19.382    19.419  6 56791.27192266 35.148
 217  87.806943  64.941572    19.351    19.362  6 56801.18757424 28.950
 218  87.808264  64.942321    18.540    16.055  7 56811.10321893 28.222
 219  87.806020  64.942926    18.631    16.279  7 56821.01885877 29.879
 220  87.807576  64.941669    16.026    16.016  7 56830.93449498 50.984
 221  87.805551  64.940508    11.757    11.444  7 56840.85012755 31.745
 222  87.805429  64.940206    18.581    18.086  7 56850.76576361 23.923
 223  87.806914  64.940803    16.415    16.574  7 56860.68141810 27.437
 224  87.809624  64.942133    14.247    14.447  7 56870.59707190 25.267
 225  87.807449  64.943098    13.053    11.314  7 56880.51272253 35.584
 226  87.807050  64.942243    13.733    13.474  7 56890.42836980 23.674
 227  87.808956  64.940391    21.056    20.208  7 56900.34401452 21.299
 228  87.807404  64.940540    13.497    13.404  7 56910.25965673 24.183
 229  87.809842  64.941893    26.758    27.839  7 56920.17529761 19.062
 230  87.809856  64.944348    13.595    13.179  7 56930.09093609 36.267
 231  87.811232  64.945491    17.246    14.696  7 56940.00656999 26.941
 232  87.809360  64.945294     8.299     8.204  7 56949.92220749 49.237
 233  87.808473  64.943295     8.457     8.373  7 56959.83785972 42.389
 234  87.808469  64.941988    14.114    13.918  7 56969.75350687 20.228
 235  87.808264  64.942075    16.925    18.491  7 56979.66914997 15.737
 236  87.809966  64.942613    15.214    16.615  7 56989.58478877 17.102
 237  87.808468  64.943277    17.756    17.724  6 56999.50042098 15.031
 238  87.808637  64.941955    18.491    18.392  7 57009.41607374 13.410
 239  87.808840  64.940229    18.476    18.578  7 57019.33172632 16.051
 240  87.806887  64.939917    18.505    18.374  6 57029.24737560 13.468
 241  87.809285  64.940381    18.141    18.295  7 57039.16302358 13.324
 242  87.807953  64.941980    18.531    18.515  6 57049.07866884 12.994
 243  87.807951  64.942926    18.468    18.506  6 57058.99431033 13.058
 244  87.809506  64.942730    18.201    18.221  7 57068.90994633 14.573
 245  87.808247  64.942790    18.830    18.854  7 57078.82557773 12.299
 246  87.806710  64.943527    20.206    18.870  7 57088.74121338 12.135
 247  87.808840  64.943894    18.430    18.423  7 57098.65687185 12.116
 248  87.808171  64.944911    18.127    18.035  6 57108.57252703 12.154
 249  87.809222  64.944825    13.222    13.732  7 57118.48817725 15.063
 250  87.809332  64.943804    17.883    16.229  6 57128.40382138  6.150
