# NaN NaN NaN ;Mean Elev.(m), Avg Gradient(m/km), RMS Gradient(m/km) - SRTM1     
#   62.263   0.018   6.395 ;Mean Elev.(m), Avg Gradient(m/km), RMS Gradient(m/km) - ASTER GDEM
#   15.030   0.046   3.896 ;Mean Elev.(m), Avg Gradient(m/km), RMS Gradient(m/km) - GMTED2010 
   1  87.446386  63.328500    20.470    20.587  6 54667.21187247 23.189
   2  87.440227  63.328418    15.681    15.706  6 54677.12751636 44.602
   3  87.438710  63.329918   -16.637   -16.587  6 54687.04315946  7.243
   4  87.437443  63.330308    22.395    24.249  7 54696.95880069 26.232
   5  87.439260  63.329224   -13.167   -13.174  7 54706.87444143  8.175
   6  87.443211  63.328017    15.721    15.737  6 54716.79009370 43.306
   7  87.445797  63.326590    11.215    12.117  6 54726.70574335 19.192
   8  87.448605  63.327361    16.167    16.148  6 54736.62139157 48.078
   9  87.443886  63.328430    24.237    24.373  6 54746.53703862 21.634
  10  87.440917  63.329702    19.206    19.684  6 54756.45268544 25.205
  11  87.438539  63.328906    15.550    15.520  6 54766.36833039 34.502
  12  87.443650  63.327574    15.334    15.372  6 54776.28397286 49.958
  13  87.451155  63.326960    16.625    16.523  6 54786.19961316 38.953
  14  87.451755  63.326834    18.234    18.237  6 54796.11525155 38.364
  17  87.443027  63.328843    23.838    23.871  6 54825.86217322 19.899
  18  87.443023  63.328845    23.068    23.630  6 54835.77781256 21.226
  19  87.439043  63.328696    22.772    23.863  6 54845.69346180 18.272
  20  87.437546  63.329647    23.625    23.636  6 54855.60911071 19.136
  21  87.433092  63.330375    18.935    18.464  7 54865.52475929 21.506
  22  87.432194  63.330645    21.953    22.632  6 54875.44040776 18.370
  23  87.436234  63.330379    18.271    18.231  7 54885.35605381 22.769
  24  87.438948  63.328615    23.728    23.821  6 54895.27169614 16.195
  25  87.444775  63.328037    19.177    19.469  6 54905.18733617 20.607
  26  87.447286  63.328232    22.333    22.748  6 54915.10297477 16.140
  27  87.442621  63.328038    22.705    22.575  6 54925.01861226 13.224
  28  87.441422  63.328355    18.311    18.397  6 54934.93424938 20.449
  30  87.448719  63.326540    20.319    20.346  6 54954.76551799 27.293
  31  87.452227  63.326068    29.607    29.556  6 54964.68116458 31.614
  32  87.452664  63.326780    26.095    26.082  6 54974.59681285 30.452
  34  87.443878  63.328831    25.177    25.150  6 54994.42810773 23.343
  35  87.440168  63.329017    19.253    19.311  6 55004.34375380 35.654
  36  87.439187  63.328992    21.000    19.575  6 55014.25939797 26.258
  37  87.438134  63.328750    17.186    17.163  6 55024.17504069 54.623
  38  87.438989  63.329732    15.630    15.643  6 55034.09068306 43.176
  39  87.435790  63.329532    23.243    24.183  6 55044.00632420 25.659
  40  87.438256  63.329256    16.008    15.854  7 55053.92196418 49.556
  41  87.442709  63.328004    15.554    15.532  6 55063.83760201 40.625
  42  87.444590  63.326929    19.279    17.164  6 55073.75324789 25.689
  43  87.448782  63.327486    16.348    16.436  6 55083.66889639 28.020
  44  87.447362  63.328026    22.999    23.948  6 55093.58454287 22.020
  45  87.441697  63.327784    17.582    18.105  6 55103.50018878 30.017
  46  87.442063  63.328496    15.839    15.813  7 55113.41583510 49.289
  47  87.442538  63.327944    25.059    25.103  6 55123.33147888 20.301
  48  87.447234  63.327724    15.324    15.304  6 55133.24712017 50.780
  49  87.448555  63.326996    15.802    15.834  6 55143.16275897 42.545
  50  87.446803  63.326922    18.969    18.795  6 55153.07839689 27.524
  51  87.447928  63.328119    24.050    24.033  6 55162.99403551 19.234
  52  87.445675  63.328467    24.123    24.110  6 55172.90967342 17.634
  53  87.444340  63.328146    24.039    24.064  6 55182.82531003 17.849
  54  87.443812  63.328964    23.968    23.949  6 55192.74096128 16.888
  55  87.438682  63.329195    23.921    23.915  6 55202.65661084 16.662
  56  87.435179  63.329738    23.798    23.821  6 55212.57225998 16.470
  57  87.435208  63.330140    23.827    23.799  6 55222.48790901 15.243
  58  87.439431  63.330028    23.632    23.621  6 55232.40355704 15.232
  59  87.440748  63.328269    24.071    24.065  6 55242.31920145 15.579
  60  87.446499  63.328127    23.827    23.879  6 55252.23484302 14.919
  61  87.446695  63.328073    23.706    23.717  6 55262.15048180 14.625
  62  87.445304  63.328616    23.660    23.694  6 55272.06611951 14.145
  63  87.445461  63.328799    25.547    25.719  6 55281.98175715 13.221
  64  87.445693  63.327747    26.038    26.020  6 55291.89739348 13.587
  65  87.449774  63.326761    25.750    25.685  5 55301.81302818 13.374
  66  87.451811  63.326705    18.691    17.639  6 55311.72867608 11.864
  67  87.448547  63.326596    18.415    18.446  6 55321.64432118 33.664
  68  87.448231  63.328044    29.157    29.145  6 55331.55996560 32.123
  69  87.442726  63.328330    28.464    28.416  6 55341.47560943 32.578
  70  87.441849  63.328582    24.045    24.467  7 55351.39125349 29.258
  71  87.443764  63.328902    21.482    20.907  6 55361.30689562 27.499
  72  87.443025  63.328932    19.124    19.087  6 55371.22253536 28.154
  73  87.439912  63.328970    19.177    18.417  6 55381.13817339 28.651
  74  87.439100  63.329497    20.816    20.547  7 55391.05381093 26.469
  75  87.441431  63.329317    24.595    24.449  6 55400.96944743 22.327
  76  87.444947  63.328461    20.188    19.059  6 55410.88509661 24.177
  77  87.446998  63.326836    22.104    21.799  6 55420.80074656 26.803
  78  87.450378  63.326709    23.171    24.341  6 55430.71639379 23.414
  79  87.447796  63.327471    21.300    22.484  6 55440.63203827 23.748
  80  87.444180  63.328557    24.778    25.372  6 55450.54768124 22.722
  81  87.444080  63.329153    16.185    16.154  6 55460.46332393 43.669
  82  87.444531  63.327861    23.998    25.249  6 55470.37896542 24.266
  83  87.449747  63.326898    16.548    16.507  6 55480.29460431 32.415
  84  87.451927  63.326068    24.551    24.494  5 55490.21024033 23.726
  85  87.449415  63.325902    16.940    15.317  6 55500.12587379 28.072
  86  87.446239  63.327242    15.220    15.155  6 55510.04151517 41.864
  87  87.442544  63.328402    14.837    14.868  7 55519.95716473 45.680
  88  87.441823  63.328942    16.544    16.566  7 55529.87281352 30.539
  89  87.440191  63.328364    17.744    16.497  6 55539.78846040 25.840
  90  87.441219  63.328685    23.724    23.688  6 55549.70410543 18.146
  91  87.439526  63.329459    22.516    23.020  7 55559.61974863 20.345
  92  87.437499  63.330309    23.385    23.366  6 55569.53539100 18.375
  93  87.435718  63.329626    23.570    23.583  6 55579.45103231 17.235
  94  87.442974  63.328708    23.779    23.760  6 55589.36667182 16.943
  95  87.449908  63.326664    24.216    24.139  6 55599.28230811 16.471
  96  87.454411  63.325639    26.003    26.117  6 55609.19794182 15.542
  97  87.451127  63.325439    25.543    25.031  6 55619.11357320 15.449
  98  87.446593  63.327491    25.596    25.303  5 55629.02922161 14.692
  99  87.443823  63.328384    25.701    25.721  6 55638.94487243 14.008
 100  87.443213  63.327172    28.296    26.676  6 55648.86052101 10.066
 101  87.450743  63.326606    27.166    27.133  6 55658.77616728 10.825
 102  87.450784  63.325716    17.434    17.443  6 55668.69180901 43.164
 103  87.448812  63.326683    21.905    21.882  5 55678.60744841 36.806
 104  87.443735  63.327849    25.395    25.353  6 55688.52308564 26.814
 105  87.442755  63.328908    22.481    21.423  6 55698.43872188 27.647
 106  87.442283  63.328156    21.117    21.149  6 55708.35435839 37.070
 107  87.445993  63.328546    18.331    18.325  6 55718.27000973 28.944
 108  87.443055  63.328201    23.680    24.865  6 55728.18565778 23.497
 109  87.440724  63.328894    15.699    15.661  7 55738.10130442 53.513
 110  87.438463  63.329681    16.061    16.040  7 55748.01694980 52.201
 111  87.438248  63.329437    23.772    24.634  7 55757.93259302 28.662
 112  87.442682  63.328274    22.746    23.036  6 55767.84823387 21.779
 113  87.447522  63.326328    23.216    24.282  6 55777.76387162 23.756
 114  87.454753  63.326048    21.556    21.235  6 55787.67950720 23.869
 115  87.454227  63.326476    16.615    16.619  6 55797.59514072 49.207
 116  87.447246  63.327094    16.696    16.710  6 55807.51078355 45.899
 117  87.446242  63.328538    16.673    16.648  6 55817.42643269 52.246
 118  87.448658  63.328043    22.340    22.882  6 55827.34207834 21.611
 119  87.448681  63.325919    15.313    15.310  6 55837.25771924 36.357
 120  87.454268  63.325728    24.632    24.562  6 55847.17335766 22.607
 121  87.452299  63.326258    24.459    24.143  5 55857.08899303 23.235
 122  87.443599  63.327124    14.913    14.875  6 55867.00463661 49.518
 123  87.440824  63.329163    14.797    14.786  6 55876.92028870 43.935
 133  87.448855  63.326705    23.484    24.700  5 55976.07672044 19.572
 134  87.444489  63.327124    24.048    24.087  6 55985.99235628 19.287
 135  87.444806  63.327414    24.759    24.225  6 55995.90799227 17.731
 136  87.447845  63.327647    25.106    25.278  6 56005.82364427 17.342
 137  87.448226  63.326357    25.839    25.692  6 56015.73929189 13.950
 139  87.446576  63.327626    17.087    17.091  6 56035.57057969 23.375
 141  87.438437  63.328890    20.614    20.588  6 56055.40185834 44.471
 142  87.441346  63.328878    24.484    24.706  6 56065.31749287 25.599
 143  87.444375  63.328960    23.776    24.843  6 56075.23313856 26.056
 144  87.441598  63.328699    20.116    20.049  7 56085.14878769 55.707
 145  87.441850  63.329102    24.033    24.221  6 56095.06443476 21.312
 146  87.441603  63.329132    23.131    24.826  6 56104.98007960 22.289
 147  87.444383  63.328778    23.803    24.601  6 56114.89571017 20.144
 148  87.447435  63.327934    14.646    14.613  6 56124.81134853 42.561
 149  87.448166  63.326140    15.202    14.666  6 56134.72698261 35.671
 150  87.452860  63.326731    14.588    14.584  6 56144.64262382 45.092
 151  87.449451  63.327113    19.675    20.193  6 56154.55827374 24.147
 152  87.446615  63.327988    14.609    14.631  6 56164.47392264 47.618
 153  87.444179  63.328127    20.047    20.260  6 56174.38956938 22.470
 154  87.445514  63.327807    21.259    23.830  6 56184.30521128 22.009
 155  87.446678  63.326793    22.464    24.199  6 56194.22084931 21.459
 156  87.449738  63.327000    25.660    25.382  6 56204.13648473 19.469
 157  87.447196  63.327124    13.958    13.917  6 56214.05211804 44.819
 158  87.447006  63.328418    13.957    13.948  6 56223.96775309 48.203
 159  87.440944  63.328862    14.890    14.856  6 56233.88340850 45.168
 160  87.439000  63.328893    15.139    15.105  6 56243.79906027 31.698
 161  87.439852  63.328834    17.976    15.819  6 56253.71470752 23.157
 162  87.442388  63.329322    21.201    22.325  6 56263.63035069 23.368
 164  87.440948  63.328672    24.583    24.506  6 56283.46163517 16.904
 165  87.441766  63.328066    24.026    24.184  6 56293.37728679 17.731
 166  87.445621  63.327574    24.003    24.102  6 56303.29293429 16.365
 167  87.445904  63.326986    24.184    24.197  6 56313.20857732 16.289
 168  87.443717  63.327021    25.082    24.425  6 56323.12421801 15.255
 169  87.442227  63.327650    24.949    24.540  6 56333.03985817 15.192
 170  87.444224  63.328078    24.212    23.873  6 56342.95549812 14.833
 171  87.444362  63.327008    25.217    24.592  6 56352.87113544 14.521
 172  87.449242  63.327082    24.099    24.027  6 56362.78677762 14.667
 173  87.447730  63.327284    23.729    23.791  6 56372.70242658 14.510
 175  87.439681  63.329136    45.113    45.118  7 56392.53371679  4.184
 176  87.437706  63.329412    20.153    20.313  6 56402.44935935 17.252
 177  87.440571  63.329694    16.438    16.397  6 56412.36499954 40.230
 178  87.442810  63.328860    27.682    27.634  6 56422.28063457 49.761
 179  87.442177  63.328468    25.026    24.953  6 56432.19627575 27.555
 180  87.440546  63.329335    22.387    22.210  6 56442.11192827 28.589
 181  87.438180  63.329685    20.287    20.297  6 56452.02757811 54.169
 182  87.438423  63.329011    21.767    21.879  6 56461.94322562 24.700
 183  87.444684  63.328593    21.287    20.722  6 56471.85887041 22.433
 184  87.446973  63.327231    21.260    21.880  6 56481.77451125 24.052
 185  87.448196  63.326974    19.421    17.027  5 56491.69014839 27.617
 187  87.448543  63.328024    20.495    21.714  6 56511.52141624 22.260
 188  87.444197  63.327219    21.163    20.648  6 56521.43706152 22.398
 189  87.445727  63.327293    16.906    17.119  6 56531.35271472 24.196
 191  87.446091  63.327283    15.799    15.685  6 56551.18400906 31.418
 192  87.443253  63.328574    26.614    24.411  6 56561.09965166 20.986
 193  87.438541  63.329493    22.798    22.912  7 56571.01529292 22.712
 194  87.438393  63.330175    21.888    21.823  6 56580.93093304 23.886
 195  87.440851  63.329112    14.747    14.728  6 56590.84656909 42.281
 196  87.444774  63.328793    15.796    15.796  6 56600.76221713 49.522
 197  87.444485  63.328789    18.428    18.411  6 56610.67786721 47.608
 198  87.440692  63.329188    19.372    19.338  6 56620.59351238 33.664
 199  87.437056  63.329282    22.277    22.916  6 56630.50915449 26.795
 200  87.440349  63.328898    25.196    25.314  7 56640.42479359 18.283
 201  87.445783  63.327728    25.565    25.777  6 56650.34044075 17.722
 202  87.447703  63.326425    24.463    24.421  6 56660.25609155 17.713
 203  87.448822  63.326904    24.420    24.438  6 56670.17173887 16.497
 205  87.441022  63.329231    24.182    24.139  6 56690.00302649 15.886
 206  87.441137  63.328854    24.201    24.290  7 56699.91866650 15.964
 207  87.445827  63.327472    24.311    24.353  6 56709.83430215 15.974
 208  87.449638  63.327000    24.222    24.218  6 56719.74994357 15.613
 209  87.445336  63.327410    25.493    25.514  6 56729.66559540 14.702
 211  87.434577  63.330374    36.031    33.991  7 56749.49688740 10.504
 212  87.434662  63.330418    18.142    18.195  7 56759.41252701 22.091
 213  87.438393  63.329020    19.408    19.492  6 56769.32816050 28.117
 214  87.440528  63.328214    25.390    25.308  6 56779.24381022 32.170
 215  87.443362  63.329231    25.312    25.299  6 56789.15946615 52.244
 216  87.437165  63.329371    23.967    24.113  6 56799.07511774 30.354
 217  87.435092  63.330193    24.393    24.950  6 56808.99076361 26.923
 219  87.441437  63.328170    20.869    20.825  6 56828.82204118 43.951
 220  87.450174  63.326901    18.248    18.608  6 56838.73767543 27.683
 221  87.453881  63.326437    15.845    15.853  6 56848.65330708 43.440
 222  87.446362  63.327334    18.814    17.765  6 56858.56896108 24.582
 223  87.440953  63.328977    23.697    25.067  6 56868.48461434 21.970
 224  87.438578  63.329398    26.099    26.041  6 56878.40026571 19.569
 225  87.440855  63.328988    15.918    15.835  7 56888.31591411 52.104
 226  87.443380  63.328195    16.280    16.291  7 56898.23155978 45.605
 227  87.440442  63.328017    24.160    25.290  6 56908.14720245 22.772
 228  87.439184  63.329861    24.592    24.957  6 56918.06284342 20.918
 229  87.433948  63.330591    16.423    16.460  7 56927.97848189 54.325
 230  87.435065  63.330643    25.066    25.781  7 56937.89411681 22.060
 231  87.439832  63.329230    15.513    15.507  7 56947.80974951 44.142
 232  87.440924  63.328058    14.672    14.663  6 56957.72540301 47.245
 233  87.441548  63.327779    17.002    17.091  6 56967.64105123 35.987
 234  87.441955  63.328751    23.193    24.293  7 56977.55669559 22.680
 235  87.438711  63.328855    30.565    30.573  6 56987.47233505 14.228
 236  87.442198  63.328519    25.641    25.880  7 56997.38796911 13.670
 237  87.445309  63.327478    24.635    24.617  6 57007.30361629 14.832
 238  87.447012  63.326527    24.647    24.662  6 57017.21927012 17.275
 239  87.446251  63.326496    34.445    34.311  6 57027.13492023 14.250
 240  87.443427  63.327866    27.396    24.866  6 57037.05056841 13.501
 241  87.439454  63.328774    25.556    25.538  6 57046.96621384 13.389
 242  87.439170  63.329010    25.365    25.273  6 57056.88185592 13.012
 243  87.442366  63.328134    25.093    24.880  6 57066.79749282 14.056
 244  87.446152  63.327609    25.576    25.482  6 57076.71312546 11.578
 245  87.447846  63.327480    25.380    25.336  6 57086.62875552 14.635
 246  87.441288  63.329022    24.280    24.228  6 57096.54441400 14.578
 247  87.435466  63.330239    24.589    24.079  7 57106.46006971 15.319
 248  87.433748  63.330468    27.620    27.507  7 57116.37572096 10.068
 249  87.438078  63.330137    24.864    24.597  7 57126.29136644  7.100
 250  87.441852  63.329189    17.661    17.713  6 57136.20700642 22.212
