# NaN NaN NaN ;Mean Elev.(m), Avg Gradient(m/km), RMS Gradient(m/km) - SRTM1     
#    4.212  -0.228   4.039 ;Mean Elev.(m), Avg Gradient(m/km), RMS Gradient(m/km) - ASTER GDEM
#    2.203   0.331   4.700 ;Mean Elev.(m), Avg Gradient(m/km), RMS Gradient(m/km) - GMTED2010 
   1  87.791873  66.089115     5.201     5.664 15 54664.32612150 34.857
   2  87.828789  66.089032    59.273    57.600 24 54674.24176964 14.090
   3  87.835276  66.090261     5.534     5.514 22 54684.15741359 36.523
   4  87.837593  66.091022     6.123     6.119 21 54694.07305577 42.379
   5  87.840527  66.090230     5.487     5.412 21 54703.98869554 55.491
   6  87.825223  66.088426     5.255     5.239 26 54713.90434459 55.318
   7  87.818860  66.086511     4.731     4.703 28 54723.81999464 52.318
   8  87.815162  66.085920    57.546    57.721 28 54733.73564263 18.353
   9  87.818658  66.086976    57.611    57.846 28 54743.65128984 18.948
  10  87.821641  66.088043    12.631    12.583 26 54753.56693667 20.562
  11  87.824899  66.087686     4.453     4.216 26 54763.48258294 31.393
  12  87.814312  66.086167     3.948     3.911 29 54773.39822537 47.886
  13  87.808590  66.084835     4.912     4.860 30 54783.31386550 27.821
  14  87.810804  66.085000     4.514     4.194 30 54793.22950413 25.882
  17  87.825266  66.088671     7.485     6.703 24 54822.97642325 18.611
  18  87.822934  66.087878     6.816     4.641 26 54832.89206333 20.948
  19  87.824234  66.087650     4.903     4.680 26 54842.80771355 20.124
  20  87.827046  66.088673     9.170     9.837 25 54852.72336275 18.465
  21  87.833632  66.090232    10.714    10.781 23 54862.63901197 17.604
  22  87.837226  66.090874    12.104    11.306 22 54872.55466086 16.587
  23  87.831145  66.089828    14.963    12.833 24 54882.47030687 16.164
  24  87.819986  66.087470    10.139    10.145 26 54892.38594911 17.728
  25  87.809847  66.085540    16.318    13.264 29 54902.30158865 17.042
  26  87.809887  66.085596    21.344    23.054 29 54912.21722762 16.104
  27  87.821039  66.086947     6.270     6.087 27 54922.13286661 18.588
  28  87.823200  66.088289     5.323     5.167 26 54932.04850406 20.039
  29  87.821898  66.087877    25.960    26.389 26 54941.96413959 13.625
  30  87.815229  66.086269     5.413     5.397 29 54951.87977289 25.143
  31  87.809496  66.084779     8.476     8.482 29 54961.79541445 29.511
  32  87.810736  66.085169    12.093    12.046 30 54971.71106321 32.124
  33  87.817793  66.086818    17.065    17.062 27 54981.62671136 39.039
  34  87.825726  66.088437    41.685    40.781 25 54991.54235928 32.223
  35  87.826725  66.088757    57.784    58.147 24 55001.45800609 19.634
  36  87.824182  66.088445     9.034     8.911 25 55011.37365079 24.163
  37  87.821485  66.088016    57.693    57.979 26 55021.28929401 14.934
  38  87.826481  66.088661     4.993     4.955 24 55031.20493690 56.224
  39  87.834390  66.089782    55.968    56.146 23 55041.12057935 14.115
  40  87.836379  66.090564     4.027     4.017 22 55051.03621982 50.926
  41  87.831648  66.089640     4.031     3.994 23 55060.95185754 51.559
  42  87.819252  66.087468     3.635     3.646 26 55070.86749831 46.226
  43  87.812320  66.085345    54.084    55.529 30 55080.78314673 14.179
  44  87.811747  66.085069    56.783    57.326 30 55090.69879392 15.626
  45  87.816397  66.086477    57.023    57.659 28 55100.61444074 15.904
  46  87.822080  66.088016    57.598    57.994 26 55110.53008718 17.232
  47  87.819931  66.087931    57.474    57.866 26 55120.44573114 15.058
  48  87.815574  66.086130     3.695     3.647 28 55130.36137224 47.727
  49  87.806339  66.084497    11.133     9.541 30 55140.27701092 28.833
  50  87.803620  66.084838    24.758    29.065 29 55150.19264923 23.188
  51  87.818203  66.086619    30.076    29.754 27 55160.10828897 20.337
  52  87.823787  66.088660    23.331    28.300 25 55170.02392751 18.163
  53  87.828510  66.089316    22.341    23.577 23 55179.93956473 17.109
  54  87.825967  66.088619    25.032    27.755 24 55189.85521177 16.685
  55  87.822978  66.088329    24.946    27.365 25 55199.77086195 16.499
  56  87.826463  66.088761    23.840    27.871 25 55209.68651195 16.318
  57  87.831038  66.089669    25.307    28.732 23 55219.60216155 15.380
  58  87.831107  66.089577    30.963    31.475 23 55229.51780985 14.436
  59  87.824487  66.088537    29.499    30.016 25 55239.43345437 14.611
  60  87.818589  66.086582    29.617    30.910 28 55249.34909539 14.915
  61  87.811419  66.085320    29.537    30.239 30 55259.26473395 14.836
  62  87.810879  66.085413    29.395    30.094 29 55269.18037236 14.094
  63  87.814185  66.086612    29.325    28.730 28 55279.09601092 14.515
  64  87.820388  66.087460    27.174    28.269 26 55289.01164847 15.500
  65  87.819242  66.087490    28.958    28.785 26 55298.92728296 15.297
  66  87.817233  66.086128    58.022    58.133 28 55308.84292650  5.027
  67  87.808529  66.085138    50.590    50.606 30 55318.75857177  5.799
  68  87.810861  66.085252     6.579     6.503 29 55328.67421697 28.116
  69  87.818395  66.086719    11.795    11.830 28 55338.58986213 37.717
  70  87.826207  66.088281    17.520    17.503 25 55348.50550691 56.077
  71  87.825577  66.089138    15.822    15.809 24 55358.42114909 55.965
  72  87.828811  66.088941    57.831    58.215 24 55368.33678954 20.604
  73  87.827226  66.088753    57.820    57.950 25 55378.25242808 19.476
  74  87.827221  66.089056     6.409     6.373 25 55388.16806601 56.399
  75  87.827551  66.089512     5.759     5.729 24 55398.08370302 30.677
  76  87.831304  66.089094    57.648    57.924 24 55407.99934787 18.302
  77  87.821663  66.087938    57.564    57.938 26 55417.91499797 14.917
  78  87.814941  66.086282    57.552    57.788 29 55427.83064487 17.240
  79  87.812497  66.085484    57.762    57.813 29 55437.74628946 19.868
  80  87.811745  66.085924     6.283     6.263 29 55447.66193282 54.825
  81  87.816525  66.086692    57.812    57.969 28 55457.57757636 18.851
  82  87.816872  66.087242    57.912    58.138 27 55467.49321881 17.810
  83  87.818339  66.086718     5.021     4.979 27 55477.40885813 37.959
  84  87.813790  66.085932     7.542     6.763 28 55487.32449375 29.766
  85  87.808110  66.085531     3.933     3.878 29 55497.24012704 52.671
  86  87.813110  66.086231     5.174     3.433 28 55507.15576434 34.994
  87  87.818093  66.087362     5.032     5.019 27 55517.07141522 46.563
  88  87.825109  66.088406     4.731     4.757 26 55526.98706538 37.371
  89  87.825341  66.088867     4.144     4.160 25 55536.90271292 32.957
  90  87.826552  66.088832     3.800     3.798 25 55546.81835833 26.558
  91  87.827880  66.088965     4.018     4.030 24 55556.73400194 25.077
  92  87.828727  66.089398     4.728     4.714 24 55566.64964461 23.932
  93  87.826004  66.089369     4.952     4.799 24 55576.56528628 23.209
  94  87.823165  66.088226     4.824     4.661 26 55586.48092607 23.906
  95  87.816151  66.086717     5.808     5.762 28 55596.39656230 22.090
  96  87.810750  66.085863     5.602     5.621 29 55606.31219564 22.466
  97  87.814424  66.085900     7.575     6.291 28 55616.22782773 21.971
  98  87.818435  66.086835     6.353     6.204 28 55626.14347046 20.503
  99  87.818049  66.087262     5.850     5.327 27 55636.05912239 20.757
 100  87.820446  66.086834    12.166    11.859 27 55645.97477250 21.570
 101  87.813485  66.086022     8.227     7.300 29 55655.89041899 19.193
 102  87.811732  66.085475    27.237    27.411 29 55665.80606146 10.033
 103  87.811431  66.085843     5.251     5.239 29 55675.72170109 36.193
 104  87.817252  66.086962    14.580    14.590 27 55685.63733951 40.753
 105  87.822347  66.088145    57.833    58.034 26 55695.55297671 22.001
 106  87.827659  66.088737    57.871    58.269 24 55705.46861267 21.457
 107  87.828313  66.088623    57.812    58.271 25 55715.38426097 17.774
 108  87.826151  66.088638     7.181     7.168 25 55725.29990965 53.435
 109  87.828233  66.089086    58.021    57.896 25 55735.21555683 13.841
 110  87.830418  66.089654    57.405    57.671 24 55745.13120276 12.924
 111  87.829356  66.089382     5.257     5.268 24 55755.04684673 47.115
 112  87.823659  66.087868    52.606    56.375 26 55764.96248794 20.959
 113  87.814258  66.086031    57.429    57.621 29 55774.87812598 16.252
 114  87.809660  66.085045     5.353     5.365 29 55784.79376129 43.192
 115  87.813233  66.085953     5.372     5.351 29 55794.70939508 48.659
 116  87.819285  66.087487    57.217    57.792 27 55804.62503350 16.436
 117  87.823615  66.088010     8.046     5.985 26 55814.54068330 24.828
 118  87.818881  66.087073    57.614    57.895 28 55824.45633003 17.383
 119  87.809871  66.085778    56.130    57.841 29 55834.37197176 17.574
 120  87.812655  66.085064    57.427    57.687 30 55844.28761070 18.750
 121  87.813805  66.086223     4.865     4.854 28 55854.20324653 37.505
 122  87.822347  66.088029     4.054     4.041 25 55864.11888545 47.440
 123  87.830267  66.089052     4.620     4.622 24 55874.03453971 40.203
 133  87.810807  66.085674     3.715     3.579 29 55973.19097380 32.930
 134  87.823085  66.087599     3.760     3.762 26 55983.10661102 35.602
 135  87.822396  66.088602     3.722     3.730 25 55993.02224517 32.149
 136  87.820150  66.087471     3.970     3.669 27 56002.93789403 28.599
 137  87.810956  66.085528     4.911     3.518 29 56012.85354264 26.941
 139  87.813637  66.086148     6.603     5.944 29 56032.68483219 14.391
 141  87.831310  66.089859     4.581     4.600 23 56052.51611365 25.503
 142  87.830818  66.089824    11.755    11.777 24 56062.43174929 36.928
 143  87.827982  66.088676    14.418    14.343 25 56072.34738929 29.676
 144  87.823537  66.088112    58.083    58.233 25 56082.26303919 22.999
 145  87.823606  66.088606     9.762     9.752 25 56092.17868697 29.360
 146  87.830691  66.089437     8.300     8.875 24 56102.09433310 20.745
 147  87.828484  66.089275    57.522    57.856 23 56112.00996405 14.064
 148  87.823172  66.087737     8.611     5.342 26 56121.92560277 22.999
 149  87.810801  66.085784     3.066     3.069 29 56131.84123706 39.774
 150  87.809504  66.084829     9.057     9.827 29 56141.75687283 22.378
 151  87.814729  66.085723    53.205    55.224 29 56151.67252417 12.106
 152  87.820229  66.087606    56.402    56.875 27 56161.58817377 12.667
 153  87.823889  66.088527     2.565     2.578 25 56171.50382141 36.079
 154  87.819337  66.087693     3.075     2.964 26 56181.41946389 56.351
 155  87.814392  66.086041     3.302     3.245 28 56191.33510251 50.654
 156  87.810679  66.085331    55.827    57.725 30 56201.25073849 18.171
 157  87.815248  66.086687     2.962     2.982 28 56211.16637304 34.282
 158  87.826673  66.088915     2.149     2.142 25 56221.08200631 47.967
 159  87.833118  66.090435     2.851     2.839 22 56230.99765893 32.483
 160  87.831612  66.090211     8.837     7.035 23 56240.91331169 25.316
 161  87.829901  66.089072    15.616    15.043 24 56250.82896038 24.496
 162  87.824128  66.088191    26.887    28.137 25 56260.74460393 23.388
 163  87.826578  66.088294    33.049    32.953 25 56270.66024585 20.010
 164  87.825557  66.088882    28.878    28.794 24 56280.57588571 19.781
 165  87.826230  66.088890    19.957    20.362 24 56290.49153794 19.830
 166  87.822019  66.087551    10.889    11.148 26 56300.40718556 19.568
 167  87.812837  66.085802    10.621    10.383 29 56310.32282866 20.083
 168  87.809756  66.084920    12.141    10.962 30 56320.23847002 18.101
 169  87.813261  66.085860    10.981    10.115 29 56330.15411120 17.734
 170  87.819675  66.087525     9.000     9.373 27 56340.06975197 17.866
 171  87.827574  66.088395     7.840     8.617 25 56349.98539070 18.064
 172  87.819098  66.087887    12.597    10.064 26 56359.90102696 16.286
 173  87.816530  66.086321    12.978    10.707 28 56369.81667688 16.536
 175  87.816873  66.087267     9.329     9.661 27 56389.64796941 15.970
 176  87.830019  66.089044     5.684     5.286 24 56399.56361387 16.153
 177  87.833287  66.090283     8.143     7.802 22 56409.47925487  9.673
 178  87.833710  66.090088     5.131     5.068 23 56419.39489105 31.342
 179  87.828201  66.089281    18.469    18.427 24 56429.31052534 42.103
 180  87.827188  66.088524    57.997    58.170 25 56439.22617875 20.117
 181  87.827152  66.088374    12.996    12.924 25 56449.14182975 49.990
 182  87.823105  66.088617     9.522     9.503 25 56459.05747819 34.570
 183  87.821813  66.087994     6.460     6.431 26 56468.97312358 53.014
 184  87.821479  66.087017    54.312    55.797 27 56478.88876510 14.035
 185  87.814772  66.086130     4.735     4.685 28 56488.80440211 53.423
 187  87.818663  66.086618     3.109     3.068 28 56508.63567139 57.173
 188  87.819803  66.087684     2.986     2.985 26 56518.55131105 32.354
 189  87.823480  66.087919     2.903     2.887 26 56528.46696539 35.864
 190  87.821046  66.087671     3.633     3.670 26 56538.38261496 41.300
 191  87.821343  66.086908     4.649     4.587 27 56548.29826073 29.771
 192  87.817707  66.087116    58.110    57.757 27 56558.21390361 14.075
 193  87.825086  66.087960    10.863    11.205 26 56568.12954660 24.573
 194  87.829742  66.089478     4.247     3.434 23 56578.04518803 28.421
 195  87.833381  66.090261     3.157     3.126 22 56587.96082573 51.935
 196  87.830428  66.090062     4.684     4.687 23 56597.87646754 45.852
 197  87.827944  66.089107     5.110     5.130 25 56607.79211874 35.836
 198  87.826918  66.088667     4.676     4.642 24 56617.70776513 21.709
 199  87.826491  66.088618     5.003     4.715 24 56627.62340821 23.047
 200  87.826045  66.088464     4.020     4.018 25 56637.53904848 23.081
 201  87.822733  66.087687     3.776     3.769 26 56647.45469041 24.239
 202  87.816210  66.086626     3.416     3.396 27 56657.37034176 23.815
 203  87.813518  66.085912     7.584     6.140 29 56667.28598916 19.774
 205  87.820966  66.087301     4.295     3.817 26 56687.11727875 19.862
 206  87.825068  66.087815     3.556     3.085 26 56697.03292093 19.822
 207  87.824237  66.087628     3.697     3.325 26 56706.94855807 19.724
 208  87.820848  66.087141     3.787     3.300 27 56716.86419269 20.168
 209  87.820432  66.087036    50.205    51.548 27 56726.77984572 11.833
 211  87.826905  66.089444     3.890     3.598 24 56746.61114098 19.882
 212  87.833019  66.090105    26.698    30.836 23 56756.52678282 10.406
 213  87.829991  66.090002     3.745     3.895 23 56766.44241806 21.154
 214  87.825655  66.089234     5.340     5.308 24 56776.35805931 20.101
 215  87.825491  66.088770    11.985    12.015 24 56786.27371576 33.904
 216  87.826732  66.088866    18.949    18.957 25 56796.18936872 50.610
 217  87.827695  66.089000    14.127    14.013 24 56806.10501710 29.817
 219  87.818230  66.087122    14.152    14.152 27 56825.93629634 55.851
 220  87.815199  66.085992    49.705    56.833 29 56835.85193083 21.188
 221  87.812688  66.086272    55.880    57.792 28 56845.76756212 14.988
 222  87.817693  66.087196     7.693     4.579 27 56855.68321014 29.465
 223  87.823046  66.088154     4.035     3.967 25 56865.59886410 35.653
 224  87.822513  66.088162    57.375    57.609 25 56875.51451655 12.397
 225  87.821261  66.087542     4.434     4.376 27 56885.43016583 32.775
 226  87.818949  66.086850    57.631    57.723 27 56895.34581209 16.169
 227  87.819231  66.087235    57.725    58.017 27 56905.26145548 17.548
 228  87.823454  66.088644    57.821    58.085 25 56915.17709707 18.892
 229  87.832774  66.090080    57.492    57.582 22 56925.09273731 20.459
 230  87.836698  66.090658    56.807    56.557 22 56935.00837413 17.809
 231  87.830747  66.090126     3.884     3.734 23 56944.92400478 32.551
 232  87.824690  66.088727     3.900     3.888 25 56954.83965416 47.084
 233  87.822573  66.087961     4.567     4.581 26 56964.75530364 38.656
 234  87.825459  66.088493     8.724     7.767 25 56974.67094897 25.369
 235  87.830976  66.089279     4.451     4.447 24 56984.58659010 26.153
 236  87.829109  66.089005     4.786     4.365 24 56994.50222545 21.118
 237  87.820854  66.087330     4.139     3.770 27 57004.41786426 21.658
 238  87.814611  66.085468     6.293     5.282 29 57014.33351951 23.496
 239  87.811145  66.085382     4.906     4.412 30 57024.24917016 19.947
 240  87.821915  66.087020    29.978    31.882 27 57034.16481969 16.544
 241  87.826267  66.088759     5.473     4.857 25 57044.08046619 20.168
 242  87.829249  66.088915     4.724     4.151 24 57053.99610992 19.114
 243  87.821940  66.087725     5.113     3.988 26 57063.91174807 20.387
 244  87.816215  66.086920     5.931     3.860 27 57073.82738139 19.292
 245  87.820481  66.087547     3.987     3.935 27 57083.74301201 21.839
 246  87.831550  66.089368     3.786     3.785 24 57093.65866344 22.176
 247  87.836744  66.091035     5.547     4.392 21 57103.57432072 19.102
 248  87.839164  66.091106     5.351     4.375 21 57113.48997383 20.083
 249  87.830180  66.089730    59.281    59.339 24 57123.40561984  7.170
 250  87.823287  66.088118    15.237    14.563 26 57133.32126066  8.977
