# NaN NaN NaN ;Mean Elev.(m), Avg Gradient(m/km), RMS Gradient(m/km) - SRTM1     
#   20.438   2.297  12.972 ;Mean Elev.(m), Avg Gradient(m/km), RMS Gradient(m/km) - ASTER GDEM
#   24.382   3.288  12.046 ;Mean Elev.(m), Avg Gradient(m/km), RMS Gradient(m/km) - GMTED2010 
   7  88.979637  62.466974   -14.514   -14.605  7 54726.86766235  7.971
   8  88.985270  62.463844    20.828    20.820 11 54736.78331099 42.104
   9  88.985603  62.464621    24.881    26.066 10 54746.69895814 28.311
  10  88.978131  62.468132    20.861    20.688  3 54756.61460383 39.689
  12  88.984309  62.465235    19.418    19.417  9 54776.44589153 45.595
  13  88.984274  62.463498    19.122    19.102 13 54786.36153119 42.049
  14  88.985857  62.463192    21.780    21.351 12 54796.27716968 31.497
  24  88.982299  62.466532    23.831    22.431  6 54895.43361485 18.553
  25  88.986818  62.463002    22.458    22.504 12 54905.34925513 19.827
  26  88.986699  62.462721    24.119    23.557 13 54915.26489357 16.774
  27  88.986541  62.464279    94.848    94.806 10 54925.18053152  1.842
  28  88.984346  62.466908    23.134    23.134  2 54935.09616846 16.731
  31  88.979819  62.466778    32.222    32.215  8 54964.84308325 36.767
  32  88.985367  62.464516    29.023    28.970 11 54974.75873209 36.795
  33  88.979730  62.467372    29.761    29.755  4 54984.67437891 52.251
  43  88.986049  62.464579    20.333    20.318 10 55083.83081592 47.089
  44  88.985584  62.464085    20.264    20.224 11 55093.74646233 52.205
  45  88.984637  62.464860    20.165    20.126 10 55103.66210838 35.710
  46  88.978579  62.467205    20.354    20.376  7 55113.57775354 34.248
  47  88.980359  62.466670    25.202    26.935  7 55123.49339729 26.601
  48  88.983949  62.465050    19.588    19.584 10 55133.40903846 49.065
  49  88.986133  62.463719    19.424    19.426 11 55143.32467744 38.675
  50  88.983984  62.464796    22.390    22.361 10 55153.24031525 29.194
  51  88.983606  62.466603    23.146    23.090  3 55163.15595355 25.758
  59  88.979792  62.467395    23.578    22.939  4 55242.48111980 17.737
  60  88.986287  62.463864    23.649    22.956 11 55252.39676171 16.119
  61  88.984615  62.463531    23.541    22.968 13 55262.31240041 15.769
  62  88.984302  62.464660    22.523    22.483 10 55272.22803820 15.849
  63  88.978943  62.467490    96.487    96.424  4 55282.14367519  3.885
  64  88.984758  62.466691    22.399    22.399  2 55292.05931243 15.560
  65  88.978993  62.468206    21.764    21.758  3 55301.97494663 20.204
  66  88.981691  62.466018    21.916    21.904  9 55311.89059499 20.905
  67  88.984693  62.464879    24.230    24.206 10 55321.80624084 35.533
  68  88.980235  62.466855    33.234    33.197  6 55331.72188441 39.993
  77  88.983406  62.467030    20.692    20.692  2 55420.96266585 37.260
  78  88.985426  62.464202    24.345    24.346 11 55430.87831332 26.799
  79  88.984402  62.464289    22.477    23.205 11 55440.79395780 33.711
  80  88.983413  62.465787    22.202    22.115  8 55450.70960056 33.861
  81  88.985220  62.466432    20.592    20.592  2 55460.62524305 38.346
  82  88.979709  62.467571    22.899    21.238  4 55470.54088366 33.634
  83  88.981297  62.466108    21.199    21.166  9 55480.45652219 45.205
  84  88.986036  62.464353    23.450    23.680 10 55490.37215853 33.238
  85  88.980043  62.467250    19.865    19.853  4 55500.28779134 38.931
  95  88.978386  62.467870    22.598    22.570  4 55599.44422533 20.651
  96  88.981030  62.466031    22.216    22.270  9 55609.35985908 21.003
  97  88.983094  62.466812    22.022    22.022  2 55619.27549098 18.732
 101  88.984804  62.464745    21.547    21.584 10 55658.93808643 15.330
 102  88.984456  62.463346    22.020    21.962 13 55668.85372843 41.087
 103  88.984251  62.464730    29.446    29.447 10 55678.76936774 37.242
 113  88.978885  62.467361    20.845    20.874  4 55777.92579027 32.667
 114  88.984698  62.464569    21.037    20.454 11 55787.84142603 31.877
 115  88.978331  62.467707    21.331    21.269  4 55797.75705851 38.226
 119  88.985195  62.466476    27.597    27.597  2 55837.41963759 29.555
 120  88.980738  62.466096    26.551    27.655  9 55847.33527496 24.027
 121  88.983670  62.466779    22.877    20.826  3 55857.25091064 28.813
 133  88.985559  62.464654    22.461    22.493 10 55976.23863888 23.875
 137  88.978552  62.467364    21.727    21.716  7 56015.90121059 21.755
 139  88.984070  62.465305    22.667    22.053  9 56035.73249906 25.000
 150  88.979242  62.467430    18.978    19.000  4 56144.80454234 52.143
 151  88.982657  62.466322    24.580    27.102  6 56154.72019275 25.926
 152  88.985045  62.466629    23.191    23.191  2 56164.63584176 36.101
 155  88.985435  62.466420    22.974    22.974  2 56194.38276784 30.216
 156  88.982421  62.466880    17.966    17.966  2 56204.29840252 36.785
 166  88.982894  62.466009    20.499    20.512  6 56303.45485262 19.798
 167  88.984922  62.464229    20.807    20.403 12 56313.37049595 20.509
 168  88.984865  62.464599    20.021    19.980 10 56323.28613683 19.980
 169  88.977870  62.468005    19.972    19.970  4 56333.20177622 20.175
 173  88.980023  62.467339    21.115    20.653  4 56372.86434539 15.900
 183  88.977399  62.468134    23.204    21.747  4 56472.02078885 33.012
 184  88.987287  62.464230    20.391    20.391 10 56481.93643103 34.509
 185  88.985433  62.464746    20.385    20.382 10 56491.85206790 35.595
 191  88.979870  62.467300    22.469    20.944  4 56551.34592701 36.323
 202  88.986665  62.464005    22.536    22.581 11 56660.41801026 26.819
 203  88.986912  62.463083    22.309    22.186 12 56670.33365750 23.853
 208  88.982081  62.467264    22.580    22.580  2 56719.91186232 17.696
 209  88.982531  62.466258    95.562    95.891  6 56729.82751469  1.772
 216  88.978926  62.468136    28.037    28.225  3 56799.23703663 28.054
 219  88.982386  62.467193    24.587    24.587  2 56828.98396053 43.876
 220  88.985721  62.464925    87.645    94.872 10 56838.89959472  6.184
 221  88.982505  62.466256    20.332    20.304  6 56848.81522600 45.539
 222  88.984138  62.466503    19.864    19.938  3 56858.73088061 37.598
 226  88.985891  62.464522    23.429    23.595 10 56898.39347893 27.101
 227  88.984411  62.464582    24.426    24.145 11 56908.30912165 26.773
 228  88.984207  62.466897    20.615    20.615  2 56918.22476234 34.780
 238  88.978853  62.466917    22.547    22.579  7 57017.38118801 21.923
 239  88.984590  62.464141    25.657    24.891 11 57027.29683899 15.304
 240  88.984520  62.465526    22.728    22.704  8 57037.21248725 16.430
