# NaN NaN NaN ;Mean Elev.(m), Avg Gradient(m/km), RMS Gradient(m/km) - SRTM1     
#  -16.487  -2.838   6.567 ;Mean Elev.(m), Avg Gradient(m/km), RMS Gradient(m/km) - ASTER GDEM
#    4.881  -2.423   5.816 ;Mean Elev.(m), Avg Gradient(m/km), RMS Gradient(m/km) - GMTED2010 
   1  87.949574  65.295055    21.517    22.122  5 54665.26120854 27.414
   2  87.952542  65.296687     8.519     8.505  5 54675.17685359 51.119
   3  87.948490  65.297957   -15.801   -15.640  5 54685.09249655  7.725
   4  87.948950  65.298784    20.915    21.187  5 54695.00813837 31.145
   5  87.948668  65.297504   -34.509   -38.491  5 54704.92377749 28.102
   6  87.950819  65.295423    21.408    21.970  5 54714.83942908 28.361
   7  87.948077  65.293046    12.488    12.541  5 54724.75507897 19.091
   8  87.949768  65.293123    22.414    22.466  5 54734.67072735 29.281
   9  87.949684  65.295029    10.669     7.823  5 54744.58637453 49.580
  10  87.950523  65.296768    20.739    20.488  5 54754.50202139 27.899
  11  87.947872  65.296063    19.031    19.035  5 54764.41766686 22.378
  12  87.951276  65.294095     7.324     7.330  5 54774.33331005 47.784
  13  87.947135  65.291645     8.656     8.722  5 54784.24894992 37.308
  14  87.947742  65.291835     8.333     8.349  6 54794.16458844 35.904
  17  87.947468  65.295722    18.469    18.999  5 54823.91150778 15.518
  18  87.951206  65.295509    19.852    19.743  5 54833.82714807 15.405
  19  87.947768  65.295330    19.510    19.640  5 54843.74279769 14.549
  20  87.948054  65.296784    19.821    19.793  5 54853.65844678 13.864
  21  87.951471  65.299188    19.713    19.431  5 54863.57409598 13.448
  22  87.952333  65.300077    19.460    19.204  5 54873.48974471 13.504
  23  87.951091  65.298707    19.709    19.530  5 54883.40539078 13.019
  24  87.948992  65.295697    21.197    21.551  5 54893.32103330 13.262
  25  87.947866  65.293337    20.530    20.523  5 54903.23667320 12.678
  26  87.950546  65.293574    19.983    19.499  5 54913.15231229 12.219
  27  87.949536  65.294979    22.667    22.642  6 54923.06795028 13.358
  28  87.952182  65.296443    22.284    22.266  5 54932.98358783 11.241
  29  87.950014  65.295387    14.446    15.593  5 54942.89922295 15.029
  30  87.947954  65.292767    13.280    11.098  5 54952.81485610 25.582
  31  87.947156  65.290893    14.333    14.295  5 54962.73049935 43.521
  32  87.948943  65.291671    16.590    16.577  5 54972.64614813 30.218
  33  87.946629  65.293505    21.585    22.001  5 54982.56179568 35.164
  34  87.950342  65.296032   126.168   126.253  5 54992.47744353 11.259
  35  87.952806  65.297031    20.898    20.579  5 55002.39309040 29.087
  36  87.948725  65.296355    20.835    21.053  5 55012.30873471 27.664
  37  87.949724  65.295973    18.074    19.567  5 55022.22437806 28.303
  38  87.950688  65.296774    19.838    20.241  5 55032.14002058 25.994
  39  87.951069  65.297992    19.835    20.050  5 55042.05566235 25.708
  40  87.951280  65.298349    19.333    19.234  4 55051.97130251 24.890
  41  87.950327  65.296760     7.451     7.384  4 55061.88694028 51.452
  42  87.948820  65.294233    19.206    19.099  6 55071.80258308 26.691
  43  87.948010  65.292434    20.812    20.507  5 55081.71823154 22.458
  44  87.948970  65.292710    12.213    12.872  6 55091.63387866 40.728
  45  87.949507  65.294378     9.580     6.987  6 55101.54952533 33.887
  46  87.950158  65.296023    21.268    21.767  5 55111.46517163 26.551
  47  87.947333  65.295418    19.560    19.682  5 55121.38081539 27.831
  48  87.949517  65.293808     6.819     6.798  5 55131.29645671 48.327
  49  87.946578  65.291697    10.509     8.798  5 55141.21209554 35.623
  50  87.948628  65.292104     7.988     8.019  6 55151.12773419 28.648
  51  87.949995  65.293966    16.005    17.645  5 55161.04337292 21.956
  52  87.951201  65.295771    18.331    18.590  5 55170.95901123 19.217
  53  87.949336  65.296049    18.934    18.986  5 55180.87464769 17.261
  54  87.951511  65.296160    18.896    18.747  5 55190.79029645 17.735
  55  87.951765  65.296601    19.348    19.176  5 55200.70594677 16.709
  56  87.950503  65.297291    19.208    19.158  4 55210.62159631 16.538
  57  87.950979  65.298164    19.514    19.333  5 55220.53724558 14.100
  58  87.948820  65.297555    19.320    19.224  5 55230.45289351 13.391
  59  87.948614  65.296214    19.263    19.321  5 55240.36853835 13.482
  60  87.949211  65.294519    19.375    19.350  5 55250.28417965 13.624
  61  87.949189  65.293488    19.274    19.248  5 55260.19981860 13.620
  62  87.949154  65.293608    19.207    19.251  6 55270.11545679 12.303
  63  87.951592  65.294601    19.788    19.904  5 55280.03109515 12.601
  64  87.951954  65.294893    22.055    21.798  5 55289.94673203 12.291
  65  87.948361  65.293811    21.210    20.476  5 55299.86236610 12.333
  66  87.949928  65.292908    20.537    20.539  5 55309.77801120  7.833
  67  87.946906  65.291978    14.107    16.591  5 55319.69365662 15.621
  68  87.949154  65.292814    20.315    22.301  5 55329.60930162 32.980
  69  87.946685  65.294125    18.302    18.323  5 55339.52494596 52.333
  70  87.951883  65.296070    18.903    18.929  5 55349.44059074 47.108
  71  87.950001  65.296457    21.846    22.024  5 55359.35623278 31.701
  72  87.949917  65.296511    21.498    21.903  5 55369.27187280 30.686
  73  87.950712  65.296675    21.888    21.973  5 55379.18751140 30.615
  74  87.951921  65.297118     9.250     9.178  5 55389.10314932 47.481
  75  87.950383  65.296812    11.219     8.493  5 55399.01878594 34.362
  76  87.948442  65.295646     8.537     8.531  5 55408.93443166 53.087
  77  87.949006  65.294205    18.319    19.196  6 55418.85008229 27.266
  78  87.948172  65.292902    21.323    21.963  6 55428.76572941 28.062
  79  87.948254  65.293015     9.372     9.443  5 55438.68137409 48.602
  80  87.950040  65.294217    21.683    22.279  5 55448.59701763 28.929
  81  87.949587  65.294798    21.549    22.141  5 55458.51266065 28.539
  82  87.949072  65.294501    16.843    16.480  6 55468.42830287 32.909
  83  87.950162  65.293473    10.867     8.917  5 55478.34394194 41.451
  84  87.946776  65.292090     8.214     8.116  5 55488.25957755 51.845
  85  87.949359  65.292141    19.273    19.311  5 55498.17521149 28.986
  86  87.949925  65.293342    19.328    19.239  5 55508.09084993 31.115
  87  87.946725  65.294467     7.068     7.160  5 55518.00649994 43.609
  88  87.948108  65.295630     8.111     8.174  5 55527.92214946 32.025
  89  87.949379  65.296120     7.594     7.592  5 55537.83779699 28.389
  90  87.950605  65.296534    11.913    13.228  5 55547.75344228 23.194
  91  87.950659  65.297249    13.002    12.975  4 55557.66908571 23.146
  92  87.949456  65.297889    18.646    18.586  5 55567.58472818 19.783
  93  87.948225  65.297355    19.114    19.164  5 55577.50036984 16.766
  94  87.950334  65.295697    19.232    19.208  5 55587.41600964 15.823
  95  87.948195  65.292953    19.117    19.110  6 55597.33164590 16.596
  96  87.949657  65.291824    19.305    19.253  5 55607.24727973 15.314
  97  87.949214  65.292044    19.270    19.250  5 55617.16291140 14.450
  98  87.949366  65.293787    19.369    19.333  6 55627.07855582 13.576
  99  87.948241  65.294453    19.461    19.409  5 55636.99420731 13.850
 100  87.949771  65.294025    22.974    23.033  5 55646.90985694  7.113
 101  87.949861  65.292615    22.037    22.770  5 55656.82550358 11.397
 102  87.948165  65.291838    22.017    22.603  6 55666.74114576  5.035
 103  87.946521  65.292499    19.921    22.117  5 55676.65678519 37.150
 104  87.948101  65.294370    18.644    18.661  5 55686.57242317 51.886
 105  87.951346  65.295897    21.184    21.838  5 55696.48806011 36.000
 106  87.950034  65.295635    21.994    22.122  5 55706.40369528 31.802
 107  87.948274  65.295134    21.370    21.862  5 55716.31934492 25.803
 108  87.949118  65.295500    19.853    19.451  5 55726.23499375 26.293
 109  87.951686  65.296880    16.806    19.002  5 55736.15064098 26.349
 110  87.951477  65.297962     8.004     8.015  5 55746.06628666 52.236
 111  87.950730  65.297595    20.658    20.836  5 55755.98193032 25.880
 112  87.949125  65.295264    18.243    20.271  5 55765.89757134 28.775
 113  87.948941  65.292542    21.839    22.384  5 55775.81320957 25.239
 114  87.948326  65.291094    21.590    21.461  6 55785.72884493 23.215
 115  87.948698  65.292159    21.183    21.060  6 55795.64447857 25.597
 116  87.949617  65.294160    21.384    22.025  5 55805.56011846 24.690
 117  87.949600  65.295161    21.421    21.849  6 55815.47576779 28.717
 118  87.947493  65.293669    21.510    22.124  5 55825.39141414 24.764
 119  87.949036  65.291982    21.901    22.529  5 55835.30705629 22.003
 120  87.946438  65.290791    22.632    22.781  5 55845.22269452 24.410
 121  87.946930  65.292089    19.132    18.915  5 55855.13833034 31.661
 122  87.951271  65.294875     6.940     6.895  5 55865.05397101 47.868
 123  87.952863  65.297021     9.218     9.252  5 55874.96962432 39.552
 133  87.948779  65.292479    19.470    19.371  5 55974.12605806 15.795
 134  87.948695  65.294563    19.506    19.513  5 55984.04169432 16.108
 135  87.948511  65.295129    19.525    19.473  5 55993.95732823 15.726
 136  87.949315  65.294205    19.551    19.565  6 56003.87297889 15.720
 137  87.948078  65.292067    19.201    19.125  6 56013.78862748 15.935
 139  87.948797  65.293378    21.497    22.242  5 56033.61991650 11.614
 141  87.949565  65.297537     8.991     9.033  5 56053.45119653 27.427
 142  87.953006  65.297414    19.480    21.356  5 56063.36683206 36.001
 143  87.951889  65.295922    22.097    22.141  5 56073.28247378 32.390
 144  87.950382  65.295503    22.072    22.235  5 56083.19812363 30.273
 145  87.948802  65.295962    12.797    11.515  5 56093.11377108 36.115
 146  87.950708  65.297105    20.365    21.056  5 56103.02941665 25.530
 147  87.947624  65.296367    16.511    16.422  5 56112.94504720 30.186
 148  87.951751  65.295121    19.326    18.996  5 56122.86068627 27.394
 149  87.947535  65.292162     6.176     6.177  6 56132.77632061 35.068
 150  87.947319  65.291048    16.265    18.313  5 56142.69195797 26.765
 151  87.947915  65.292383     7.739     5.717  5 56152.60760884 35.142
 152  87.948917  65.294574    16.429    18.107  5 56162.52325827 31.065
 153  87.947098  65.295445    15.019    18.736  5 56172.43890541 34.440
 154  87.951858  65.295142     8.599     6.291  5 56182.35454828 34.651
 155  87.948457  65.293035    20.745    21.191  5 56192.27018654 26.713
 156  87.947367  65.292019    16.967    16.394  6 56202.18582234 33.554
 157  87.948961  65.293220    16.406    19.257  5 56212.10145658 31.199
 158  87.952148  65.295515     5.048     5.105  5 56222.01708907 43.620
 159  87.952479  65.297592     9.860     7.573  5 56231.93274358 37.141
 160  87.948248  65.297359    18.697    18.675  5 56241.84839570 25.305
 161  87.952580  65.297061    19.127    19.106  5 56251.76404435 21.402
 162  87.949859  65.295916    18.846    18.887  4 56261.67968767 21.820
 163  87.952025  65.296139    19.053    19.073  5 56271.59532939 20.183
 164  87.951985  65.296352    19.128    19.163  5 56281.51097044 19.221
 165  87.949943  65.296215    19.089    19.104  5 56291.42662249 17.869
 166  87.951961  65.295262    19.214    19.205  5 56301.34227038 16.290
 167  87.947236  65.293124    19.071    19.076  5 56311.25791340 16.172
 168  87.950499  65.292852    19.237    19.215  5 56321.17355499 15.420
 169  87.947294  65.293370    18.935    18.926  5 56331.08919539 15.055
 170  87.950065  65.294880    19.366    19.349  5 56341.00483584 14.101
 171  87.950989  65.295309    19.444    19.434  5 56350.92047380 13.784
 172  87.948333  65.294026    19.155    19.066  5 56360.83611200 14.450
 173  87.950340  65.293537    18.835    19.007  5 56370.75176181 14.612
 175  87.950401  65.295562    20.827    22.167  5 56390.58305385 12.571
 176  87.948714  65.296967    22.473    22.474  5 56400.49869698  8.449
 177  87.949974  65.297782    21.250    20.161  5 56410.41433768 15.567
 178  87.948915  65.297062    21.572    21.572  5 56420.32997327 32.534
 179  87.948689  65.296154    21.248    21.501  5 56430.24561006 35.448
 180  87.950551  65.296557    20.729    20.524  5 56440.16126340 31.147
 181  87.951147  65.296847    17.360    17.658  5 56450.07691414 35.216
 182  87.950177  65.296509    21.131    21.072  4 56459.99256245 24.493
 183  87.948784  65.295299    18.455    20.374  5 56469.90820736 28.098
 184  87.950106  65.294353     8.219     8.182  5 56479.82384872 46.670
 185  87.948697  65.293366     7.870     7.905  5 56489.73948589 53.217
 187  87.948141  65.293492     6.246     6.276  5 56509.57075433 36.665
 188  87.950232  65.294147    19.124    19.083  5 56519.48639623 25.137
 189  87.948150  65.294244    19.144    19.199  5 56529.40204983 25.172
 190  87.946592  65.293943    19.334    19.327  5 56539.31769937 25.203
 191  87.950346  65.294280     7.889     7.847  5 56549.23334518 38.839
 192  87.946800  65.294695    20.555    20.771  5 56559.14898790 26.751
 193  87.950089  65.296321     9.518     7.359  5 56569.06463035 45.322
 194  87.948379  65.297289    16.519    18.727  5 56578.98027100 30.152
 195  87.949221  65.297227     6.624     6.571  5 56588.89590800 49.197
 196  87.950394  65.296684     6.980     6.937  4 56598.81155200 40.805
 197  87.949111  65.296188     9.385     9.397  5 56608.72720282 27.527
 198  87.948035  65.296402    10.136     8.765  5 56618.64284883 19.686
 199  87.949832  65.296859    19.573    19.743  5 56628.55849187 16.782
 200  87.951584  65.296383    19.194    19.164  5 56638.47413190 16.365
 201  87.947986  65.294322    19.229    19.280  5 56648.38977523 16.462
 202  87.946717  65.292936    19.276    19.352  5 56658.30542668 15.478
 203  87.947712  65.292884    19.470    19.481  5 56668.22107423 13.636
 205  87.947975  65.295534    21.512    21.869  5 56688.05236289 13.805
 206  87.951995  65.296003    20.319    19.918  5 56697.96800455 12.820
 207  87.949703  65.294465    20.594    21.252  5 56707.88364090 13.973
 208  87.947493  65.293105    19.314    19.340  5 56717.79927756 13.600
 209  87.949525  65.294205   125.802   125.803  6 56727.71493053  3.268
 211  87.951419  65.298454    22.259    22.309  4 56747.54622495 12.492
 212  87.951582  65.298739    21.978    21.825  5 56757.46186574  3.888
 213  87.950518  65.297327    10.149     8.185  5 56767.37750042 32.952
 214  87.951793  65.296270    10.361    10.386  5 56777.29314471 22.776
 215  87.952733  65.296675    21.071    21.890  5 56787.20880102 32.813
 216  87.947958  65.297175    20.406    20.448  5 56797.12445323 52.663
 217  87.948639  65.297971    21.403    21.441  5 56807.04010080 31.925
 219  87.949954  65.294984    16.420    16.355  5 56826.87137977 48.861
 220  87.949727  65.292847   125.881   125.717  5 56836.78701405  7.236
 221  87.947136  65.292201    21.716    22.170  5 56846.70264517 22.297
 222  87.950847  65.294300    19.567    18.962  5 56856.61829560 25.094
 223  87.947244  65.295804    17.909    18.734  5 56866.53394882 30.104
 224  87.947842  65.296183    19.881    19.786  5 56876.44960106 28.988
 225  87.950117  65.295685     7.546     7.559  5 56886.36525030 50.002
 226  87.948842  65.294542    22.131    22.220  5 56896.28089639 31.992
 227  87.950851  65.295315    22.153    22.171  5 56906.19653992 30.671
 228  87.949669  65.297120    21.750    21.858  5 56916.11218100 31.675
 229  87.951915  65.299212    20.541    20.711  5 56926.02782050 36.068
 230  87.950318  65.299214    20.936    21.394  5 56935.94345624 31.238
 231  87.947884  65.297066    13.863    18.288  5 56945.85908649 36.812
 232  87.947777  65.295401     6.652     6.665  5 56955.77473846 43.686
 233  87.952157  65.295394     8.070     8.057  5 56965.69038806 30.286
 234  87.952442  65.296490    21.173    21.282  5 56975.60603299 19.771
 235  87.948970  65.297206    21.618    21.730  5 56985.52167308 14.565
 236  87.950565  65.296583    20.012    19.973  5 56995.43730813 12.630
 237  87.949631  65.294113    21.752    22.267  5 57005.35294985 13.076
 238  87.947675  65.292111    20.744    21.155  6 57015.26860471 13.724
 239  87.946966  65.292191    22.486    22.423  5 57025.18425541 13.239
 240  87.949762  65.294806    21.972    21.962  5 57035.09990433 12.162
 241  87.950980  65.296940    22.065    22.271  5 57045.01555052 12.397
 242  87.951725  65.297175    20.548    20.726  5 57054.93119353 11.568
 243  87.949459  65.295144    20.341    20.035  5 57064.84683124 12.934
 244  87.948501  65.293685    20.411    20.079  6 57074.76246438 11.675
 245  87.950596  65.294075    22.884    22.856  5 57084.67809463 10.798
 246  87.948983  65.296550    21.490    21.412  5 57094.59374803 12.097
 247  87.950129  65.299085    20.097    19.952  5 57104.50940491 13.690
 248  87.949414  65.299470    22.070    22.008  5 57114.42505727 10.153
 249  87.950796  65.297980    29.014    28.953  5 57124.34070352  0.879
 250  87.948085  65.295749     8.532     8.559  5 57134.25634403 19.025
