# NaN NaN NaN ;Mean Elev.(m), Avg Gradient(m/km), RMS Gradient(m/km) - SRTM1     
#   26.464  -0.771   4.735 ;Mean Elev.(m), Avg Gradient(m/km), RMS Gradient(m/km) - ASTER GDEM
#   39.451  -0.881   4.965 ;Mean Elev.(m), Avg Gradient(m/km), RMS Gradient(m/km) - GMTED2010 
   1    56.025 54659.24702420 23.92  89.817779  60.802924  8.375 -100.00 -100.00 -100.00
   1    55.597 54659.24702479 23.88  89.822173  60.804440  8.069 -100.00 -100.00 -100.00
   1    54.981 54659.24702538 25.04  89.826568  60.805957 10.967 -100.00 -100.00 -100.00
   1    46.560 54659.24702597 26.00  89.830963  60.807474 13.218 -100.00 -100.00 -100.00
   1    38.870 54659.24702656 27.08  89.835359  60.808990 14.938 -100.00 -100.00 -100.00
   2    55.683 54669.16267052 22.35  89.818516  60.803341 11.651 -100.00 -100.00 -100.00
   2    39.288 54669.16267111 24.77  89.822911  60.804858 17.601 -100.00 -100.00 -100.00
   2    38.410 54669.16267170 25.24  89.827306  60.806374 20.165 -100.00 -100.00 -100.00
   2    38.655 54669.16267229 25.45  89.831701  60.807891 18.359 -100.00 -100.00 -100.00
   2    38.629 54669.16267288 26.46  89.836097  60.809407 22.185 -100.00 -100.00 -100.00
   3   119.135 54679.07831426 12.90  89.814194  60.803228 18.020 -100.00 -100.00 -100.00
   3   118.184 54679.07831485  9.99  89.818588  60.804745 11.729 -100.00 -100.00 -100.00
   3   122.851 54679.07831544 10.79  89.822983  60.806262 15.200 -100.00 -100.00 -100.00
   3   122.372 54679.07831603 13.25  89.827378  60.807778 18.622 -100.00 -100.00 -100.00
   3   113.228 54679.07831662  5.94  89.831773  60.809294  7.068 -100.00 -100.00 -100.00
   4    38.050 54688.99395740 40.81  89.814689  60.804621 31.317 -100.00 -100.00 -100.00
   4    37.968 54688.99395799 40.42  89.819084  60.806138   -100 -100.00 -100.00 -100.00
   4    37.822 54688.99395858 41.43  89.823478  60.807654   -100 -100.00 -100.00 -100.00
   4    38.061 54688.99395918 40.09  89.827874  60.809171 31.612 -100.00 -100.00 -100.00
   4    38.100 54688.99395977 45.22  89.832269  60.810687   -100 -100.00 -100.00 -100.00
   6    39.767 54708.82524183 37.66  89.817332  60.803623 18.271 -100.00 -100.00 -100.00
   6    38.506 54708.82524243 44.89  89.821726  60.805139 31.183 -100.00 -100.00 -100.00
   6    38.260 54708.82524302 52.07  89.826120  60.806656   -100 -100.00 -100.00 -100.00
   6    38.062 54708.82524361 54.02  89.830515  60.808173   -100 -100.00 -100.00 -100.00
   6    38.082 54708.82524420 54.04  89.834910  60.809689 16.013 -100.00 -100.00 -100.00
   8    39.367 54728.65654211 30.06  89.818351  60.801717  8.928 -100.00 -100.00 -100.00
   8    38.318 54728.65654270 32.08  89.822745  60.803234 12.531 -100.00 -100.00 -100.00
   8    38.360 54728.65654329 33.10  89.827139  60.804750 14.430 -100.00 -100.00 -100.00
   8    38.234 54728.65654388 35.08  89.831534  60.806266 18.646 -100.00 -100.00 -100.00
   8    38.411 54728.65654447 36.48  89.835929  60.807782 23.016 -100.00 -100.00 -100.00
   9    47.252 54738.57218969 31.41  89.818699  60.802384 20.810 -100.00 -100.00 -100.00
   9    55.610 54738.57219028 25.97  89.823093  60.803900  8.784 -100.00 -100.00 -100.00
   9    51.511 54738.57219087 28.85  89.827488  60.805416 16.611 -100.00 -100.00 -100.00
   9    37.943 54738.57219146 31.65  89.831883  60.806932 25.854 -100.00 -100.00 -100.00
   9    52.141 54738.57219205 26.93  89.836278  60.808448 12.265 -100.00 -100.00 -100.00
  10    55.675 54748.48783700 29.49  89.816447  60.803163 14.463 -100.00 -100.00 -100.00
  10    55.499 54748.48783759 27.72  89.820841  60.804679 11.783 -100.00 -100.00 -100.00
  10    55.203 54748.48783818 26.89  89.825236  60.806195 10.402 -100.00 -100.00 -100.00
  10    53.188 54748.48783877 28.44  89.829631  60.807712 13.725 -100.00 -100.00 -100.00
  10    52.383 54748.48783936 27.88  89.834027  60.809228 12.019 -100.00 -100.00 -100.00
  11    55.324 54758.40348434 27.07  89.816693  60.804612  9.035 -100.00 -100.00 -100.00
  11    54.979 54758.40348493 24.97  89.821088  60.806129  6.308 -100.00 -100.00 -100.00
  11    54.419 54758.40348552 25.40  89.825483  60.807645  6.152 -100.00 -100.00 -100.00
  11    50.801 54758.40348611 27.68  89.829879  60.809161 12.155 -100.00 -100.00 -100.00
  12    37.744 54768.31912908 35.14  89.815437  60.803952   -100 -100.00 -100.00 -100.00
  12    55.275 54768.31912967 27.87  89.819832  60.805469 13.619 -100.00 -100.00 -100.00
  12    45.346 54768.31913026 27.79  89.824228  60.806986 14.365 -100.00 -100.00 -100.00
  12    38.296 54768.31913085 27.64  89.828623  60.808502 14.669 -100.00 -100.00 -100.00
  12    38.587 54768.31913144 29.37  89.833019  60.810018 17.430 -100.00 -100.00 -100.00
  13    37.985 54778.23477065 38.84  89.817424  60.802695 22.235 -100.00 -100.00 -100.00
  13    38.280 54778.23477124 40.98  89.821819  60.804212 19.787 -100.00 -100.00 -100.00
  13    37.571 54778.23477184 46.34  89.826215  60.805728   -100 -100.00 -100.00 -100.00
  13    37.351 54778.23477243 49.22  89.830610  60.807245 19.227 -100.00 -100.00 -100.00
  13    37.279 54778.23477302 46.00  89.835007  60.808761 13.461 -100.00 -100.00 -100.00
  14    38.709 54788.15041009 40.94  89.822082  60.802270 30.505 -100.00 -100.00 -100.00
  14    38.407 54788.15041068 44.15  89.826477  60.803787   -100 -100.00 -100.00 -100.00
  14    38.319 54788.15041127 43.52  89.830873  60.805303  0.567 -100.00 -100.00 -100.00
  14    38.581 54788.15041186 45.36  89.835269  60.806820   -100 -100.00 -100.00 -100.00
  14    38.486 54788.15041245 42.64  89.839665  60.808336   -100 -100.00 -100.00 -100.00
  15    42.431 54798.06604799 36.66  89.822280  60.801762 25.777 -100.00 -100.00 -100.00
  15    42.452 54798.06604858 37.77  89.826675  60.803279 24.814 -100.00 -100.00 -100.00
  15    41.875 54798.06604917 37.62  89.831071  60.804795   -100 -100.00 -100.00 -100.00
  15    41.975 54798.06604976 41.51  89.835467  60.806312   -100 -100.00 -100.00 -100.00
  15    41.622 54798.06605035 36.49  89.839863  60.807828   -100 -100.00 -100.00 -100.00
  17    40.883 54817.89732279 24.62  89.818789  60.802162 15.802 -100.00 -100.00 -100.00
  17    40.987 54817.89732338 23.87  89.823184  60.803679 13.943 -100.00 -100.00 -100.00
  17    40.988 54817.89732397 24.35  89.827578  60.805195 15.587 -100.00 -100.00 -100.00
  17    40.964 54817.89732456 24.25  89.831974  60.806712 15.086 -100.00 -100.00 -100.00
  17    40.874 54817.89732515 24.70  89.836369  60.808228 16.812 -100.00 -100.00 -100.00
  18    41.220 54827.81297327 22.86  89.818467  60.803475 12.957 -100.00 -100.00 -100.00
  18    41.292 54827.81297386 23.58  89.822861  60.804992 14.391 -100.00 -100.00 -100.00
  18    41.161 54827.81297445 23.69  89.827256  60.806509 15.989 -100.00 -100.00 -100.00
  18    41.175 54827.81297504 23.90  89.831651  60.808025 15.218 -100.00 -100.00 -100.00
  18    41.233 54827.81297563 23.39  89.836047  60.809542 14.797 -100.00 -100.00 -100.00
  19    41.658 54837.72861212 24.89  89.817149  60.804081 14.411 -100.00 -100.00 -100.00
  19    41.514 54837.72861271 26.49  89.821544  60.805598 21.931 -100.00 -100.00 -100.00
  19    41.383 54837.72861330 27.29  89.825939  60.807115 25.504 -100.00 -100.00 -100.00
  19    41.379 54837.72861390 27.97  89.830335  60.808631 26.271 -100.00 -100.00 -100.00
  19    41.492 54837.72861449 26.09  89.834730  60.810147 20.661 -100.00 -100.00 -100.00
  20    41.736 54847.64426092 21.19  89.811957  60.803887 11.005 -100.00 -100.00 -100.00
  20    41.586 54847.64426151 22.02  89.816352  60.805404 12.541 -100.00 -100.00 -100.00
  20    41.584 54847.64426210 22.05  89.820746  60.806921 13.096 -100.00 -100.00 -100.00
  20    41.509 54847.64426269 23.05  89.825142  60.808437 15.489 -100.00 -100.00 -100.00
  20    41.395 54847.64426328 22.80  89.829538  60.809953 15.453 -100.00 -100.00 -100.00
  21    41.830 54857.55991019 19.72  89.813980  60.806144 10.468 -100.00 -100.00 -100.00
  21    42.002 54857.55991078 17.87  89.818375  60.807661  6.612 -100.00 -100.00 -100.00
  21    41.601 54857.55991137 19.45  89.822771  60.809177  9.712 -100.00 -100.00 -100.00
  21    41.625 54857.55991196 19.34  89.827167  60.810693 10.291 -100.00 -100.00 -100.00
  22    42.187 54867.47555894 17.86  89.811492  60.806561  9.577 -100.00 -100.00 -100.00
  22    42.729 54867.47555953 17.28  89.815888  60.808078  7.655 -100.00 -100.00 -100.00
  22    41.661 54867.47556012 17.76  89.820283  60.809594  9.555 -100.00 -100.00 -100.00
  22    41.712 54867.47556071 17.34  89.824679  60.811111  8.420 -100.00 -100.00 -100.00
  23    42.357 54877.39120712 16.28  89.810983  60.806113  6.687 -100.00 -100.00 -100.00
  23    42.527 54877.39120771 15.98  89.815378  60.807629  6.681 -100.00 -100.00 -100.00
  23    43.200 54877.39120830 15.89  89.819774  60.809146  7.101 -100.00 -100.00 -100.00
  23    43.469 54877.39120889 16.01  89.824170  60.810663  5.982 -100.00 -100.00 -100.00
  24    41.944 54887.30685261 15.91  89.814575  60.805528  8.075 -100.00 -100.00 -100.00
  24    42.118 54887.30685320 16.10  89.818971  60.807044  8.212 -100.00 -100.00 -100.00
  24    41.635 54887.30685379 16.18  89.823366  60.808561  9.341 -100.00 -100.00 -100.00
  24    42.823 54887.30685438 14.40  89.827763  60.810078  5.945 -100.00 -100.00 -100.00
  25    41.815 54897.22249439 18.55  89.816110  60.804032 10.943 -100.00 -100.00 -100.00
  25    42.367 54897.22249498 17.04  89.820505  60.805549  7.965 -100.00 -100.00 -100.00
  25    41.657 54897.22249557 18.33  89.824901  60.807065 11.342 -100.00 -100.00 -100.00
  25    41.792 54897.22249616 16.69  89.829297  60.808582  7.532 -100.00 -100.00 -100.00
  25    41.427 54897.22249675 17.30  89.833694  60.810098  9.700 -100.00 -100.00 -100.00
  26    41.756 54907.13813325 17.44  89.815007  60.802767  9.080 -100.00 -100.00 -100.00
  26    41.873 54907.13813384 16.89  89.819402  60.804284  8.946 -100.00 -100.00 -100.00
  26    41.608 54907.13813443 16.24  89.823798  60.805801  8.877 -100.00 -100.00 -100.00
  26    41.656 54907.13813502 16.40  89.828194  60.807317  8.259 -100.00 -100.00 -100.00
  26    41.336 54907.13813561 17.03  89.832590  60.808833 10.595 -100.00 -100.00 -100.00
  27    41.656 54917.05377152 16.65  89.818211  60.803971 10.775 -100.00 -100.00 -100.00
  27    42.771 54917.05377211 14.66  89.822607  60.805487  7.385 -100.00 -100.00 -100.00
  27    41.444 54917.05377270 16.39  89.827003  60.807004 10.710 -100.00 -100.00 -100.00
  27    41.699 54917.05377329 14.35  89.831399  60.808520  7.176 -100.00 -100.00 -100.00
  27    41.564 54917.05377389 14.12  89.835796  60.810036  6.893 -100.00 -100.00 -100.00
  28    41.903 54926.96940912 38.87  89.817743  60.803952   -100 -100.00 -100.00 -100.00
  28    42.028 54926.96940971 41.23  89.822138  60.805469   -100 -100.00 -100.00 -100.00
  28    41.671 54926.96941031 40.53  89.826534  60.806985   -100 -100.00 -100.00 -100.00
  28    41.676 54926.96941090 35.69  89.830930  60.808502   -100 -100.00 -100.00 -100.00
  28    41.450 54926.96941149 36.86  89.835326  60.810018   -100 -100.00 -100.00 -100.00
  29    42.244 54936.88504589 27.75  89.816794  60.802727   -100 -100.00 -100.00 -100.00
  29    42.057 54936.88504648 28.81  89.821189  60.804243   -100 -100.00 -100.00 -100.00
  29    41.987 54936.88504707 27.18  89.825584  60.805760 29.203 -100.00 -100.00 -100.00
  29    42.002 54936.88504766 25.00  89.829979  60.807276 24.653 -100.00 -100.00 -100.00
  29    42.008 54936.88504825 26.50  89.834375  60.808793   -100 -100.00 -100.00 -100.00
  30    43.020 54946.80068163 29.58  89.822851  60.802896 17.941 -100.00 -100.00 -100.00
  30    42.921 54946.80068222 31.82  89.827245  60.804413 26.727 -100.00 -100.00 -100.00
  30    42.961 54946.80068281 31.48  89.831640  60.805929 29.162 -100.00 -100.00 -100.00
  30    42.841 54946.80068340 31.19  89.836036  60.807446 30.691 -100.00 -100.00 -100.00
  31    51.825 54956.71631519 37.45  89.826675  60.801696 31.866 -100.00 -100.00 -100.00
  31    51.795 54956.71631578 34.97  89.831069  60.803212 23.015 -100.00 -100.00 -100.00
  31    51.849 54956.71631637 35.62  89.835464  60.804729 24.689 -100.00 -100.00 -100.00
  31    51.687 54956.71631696 35.09  89.839859  60.806245 25.191 -100.00 -100.00 -100.00
  32    56.163 54966.63196373 26.43  89.826331  60.801831  5.969 -100.00 -100.00 -100.00
  32    55.677 54966.63196432 26.78  89.830726  60.803348  8.194 -100.00 -100.00 -100.00
  32    55.091 54966.63196491 25.39  89.835120  60.804864  5.557 -100.00 -100.00 -100.00
  32    60.306 54966.63196550 25.80  89.839515  60.806380  7.019 -100.00 -100.00 -100.00
  33    56.174 54976.54761115 26.51  89.823021  60.802087  8.625 -100.00 -100.00 -100.00
  33    55.589 54976.54761174 26.17  89.827415  60.803604  7.723 -100.00 -100.00 -100.00
  33    55.088 54976.54761233 26.33  89.831810  60.805120  7.037 -100.00 -100.00 -100.00
  33    54.226 54976.54761292 26.82  89.836205  60.806636  7.245 -100.00 -100.00 -100.00
  33    46.714 54976.54761351 32.78  89.840601  60.808152 21.774 -100.00 -100.00 -100.00
  35    47.541 54996.37890649 28.43  89.818334  60.803551 10.663 -100.00 -100.00 -100.00
  35    45.485 54996.37890708 28.75  89.822728  60.805067 10.623 -100.00 -100.00 -100.00
  35    39.362 54996.37890767 30.79  89.827123  60.806584 14.751 -100.00 -100.00 -100.00
  35    39.435 54996.37890826 30.23  89.831519  60.808100 12.990 -100.00 -100.00 -100.00
  35    39.761 54996.37890885 32.22  89.835914  60.809616 20.368 -100.00 -100.00 -100.00
  36    55.676 55006.29455261 25.31  89.817057  60.803808  9.625 -100.00 -100.00 -100.00
  36    39.487 55006.29455320 26.37  89.821451  60.805324 11.086 -100.00 -100.00 -100.00
  36    39.116 55006.29455379 27.83  89.825846  60.806841 14.438 -100.00 -100.00 -100.00
  36    39.327 55006.29455438 27.22  89.830242  60.808357 13.529 -100.00 -100.00 -100.00
  36    39.403 55006.29455497 29.71  89.834638  60.809874 17.260 -100.00 -100.00 -100.00
  37    39.223 55016.21019665 40.88  89.816858  60.804417   -100 -100.00 -100.00 -100.00
  37    39.291 55016.21019724 42.09  89.821252  60.805934   -100 -100.00 -100.00 -100.00
  37    39.464 55016.21019783 44.25  89.825647  60.807450   -100 -100.00 -100.00 -100.00
  37    39.399 55016.21019842 45.39  89.830043  60.808967   -100 -100.00 -100.00 -100.00
  37    39.328 55016.21019901 44.11  89.834439  60.810483   -100 -100.00 -100.00 -100.00
  38    38.720 55026.12583912 41.05  89.815632  60.804977 25.449 -100.00 -100.00 -100.00
  38    38.596 55026.12583971 46.44  89.820026  60.806494   -100 -100.00 -100.00 -100.00
  38    38.704 55026.12584030 44.83  89.824422  60.808010   -100 -100.00 -100.00 -100.00
  38    38.841 55026.12584089 48.50  89.828817  60.809527   -100 -100.00 -100.00 -100.00
  39    39.317 55036.04148085 39.82  89.812516  60.805212 17.269 -100.00 -100.00 -100.00
  39    38.825 55036.04148144 46.20  89.816910  60.806729 32.349 -100.00 -100.00 -100.00
  39    38.539 55036.04148203 52.38  89.821305  60.808246   -100 -100.00 -100.00 -100.00
  39    38.502 55036.04148262 52.81  89.825701  60.809762 10.760 -100.00 -100.00 -100.00
  39    38.201 55036.04148321 53.26  89.830097  60.811279 26.735 -100.00 -100.00 -100.00
  40    38.306 55045.95712167 38.24  89.810539  60.804333   -100 -100.00 -100.00 -100.00
  40    38.767 55045.95712226 42.18  89.814934  60.805850 27.262 -100.00 -100.00 -100.00
  40    38.560 55045.95712285 53.29  89.819328  60.807367   -100 -100.00 -100.00 -100.00
  40    38.461 55045.95712403 54.86  89.828119  60.810400   -100 -100.00 -100.00 -100.00
  41    38.797 55055.87276156 40.02  89.817300  60.804331 30.505 -100.00 -100.00 -100.00
  41    38.607 55055.87276215 51.21  89.821694  60.805847 13.470 -100.00 -100.00 -100.00
  41    38.716 55055.87276274 57.37  89.826089  60.807364 23.282 -100.00 -100.00 -100.00
  41    38.702 55055.87276333 52.52  89.830484  60.808880   -100 -100.00 -100.00 -100.00
  41    38.792 55055.87276392 51.43  89.834880  60.810397   -100 -100.00 -100.00 -100.00
  42    38.586 55065.78839859 33.30  89.820893  60.802160 17.494 -100.00 -100.00 -100.00
  42    38.595 55065.78839918 31.81  89.825287  60.803677 12.868 -100.00 -100.00 -100.00
  42    38.467 55065.78839977 32.25  89.829681  60.805194 14.383 -100.00 -100.00 -100.00
  42    38.591 55065.78840036 32.37  89.834075  60.806710 12.757 -100.00 -100.00 -100.00
  42    38.588 55065.78840095 33.07  89.838471  60.808226 13.737 -100.00 -100.00 -100.00
  43    56.150 55075.70404732 22.93  89.821691  60.801697 11.156 -100.00 -100.00 -100.00
  43    55.218 55075.70404791 24.91  89.826085  60.803214 16.151 -100.00 -100.00 -100.00
  43    54.661 55075.70404850 24.25  89.830480  60.804730 14.931 -100.00 -100.00 -100.00
  43    38.644 55075.70404909 28.06  89.834874  60.806246 27.112 -100.00 -100.00 -100.00
  43    38.583 55075.70404968 30.82  89.839270  60.807762   -100 -100.00 -100.00 -100.00
  44    39.297 55085.61969506 25.81  89.819826  60.802239 16.818 -100.00 -100.00 -100.00
  44    38.533 55085.61969565 27.57  89.824220  60.803756 21.749 -100.00 -100.00 -100.00
  44    38.275 55085.61969624 28.93  89.828615  60.805272 28.712 -100.00 -100.00 -100.00
  44    38.236 55085.61969683 28.16  89.833010  60.806788 24.970 -100.00 -100.00 -100.00
  44    41.578 55085.61969742 27.81  89.837405  60.808304 19.389 -100.00 -100.00 -100.00
  45    38.544 55095.53534102 35.04  89.815475  60.802705 21.390 -100.00 -100.00 -100.00
  45    38.827 55095.53534161 36.35  89.819869  60.804221 19.950 -100.00 -100.00 -100.00
  45    38.783 55095.53534220 38.91  89.824264  60.805738 26.071 -100.00 -100.00 -100.00
  45    38.926 55095.53534279 42.20  89.828659  60.807254 26.636 -100.00 -100.00 -100.00
  45    38.417 55095.53534338 46.45  89.833055  60.808770   -100 -100.00 -100.00 -100.00
  46    38.529 55105.45098730 38.09  89.815815  60.803718 25.405 -100.00 -100.00 -100.00
  46    38.797 55105.45098789 44.04  89.820209  60.805235 30.047 -100.00 -100.00 -100.00
  46    38.524 55105.45098848 55.31  89.824604  60.806751 17.109 -100.00 -100.00 -100.00
  46    38.690 55105.45098907 51.96  89.829000  60.808267   -100 -100.00 -100.00 -100.00
  46    38.629 55105.45098966 52.61  89.833395  60.809783   -100 -100.00 -100.00 -100.00
  47    46.729 55115.36663330 29.07  89.817356  60.803712  8.410 -100.00 -100.00 -100.00
  47    38.484 55115.36663389 30.86  89.821751  60.805228 10.741 -100.00 -100.00 -100.00
  47    38.423 55115.36663448 30.47  89.826146  60.806745 11.281 -100.00 -100.00 -100.00
  47    38.299 55115.36663508 31.88  89.830542  60.808261 14.301 -100.00 -100.00 -100.00
  47    38.659 55115.36663567 31.91  89.834938  60.809777 14.210 -100.00 -100.00 -100.00
  48    55.376 55125.28227678 22.89  89.818873  60.802649  9.271 -100.00 -100.00 -100.00
  48    38.961 55125.28227737 25.58  89.823268  60.804165 17.653 -100.00 -100.00 -100.00
  48    38.182 55125.28227796 26.07  89.827664  60.805682 18.333 -100.00 -100.00 -100.00
  48    37.929 55125.28227855 27.70  89.832059  60.807198 24.765 -100.00 -100.00 -100.00
  48    38.311 55125.28227914 26.75  89.836455  60.808714 20.707 -100.00 -100.00 -100.00
  49    38.733 55135.19791764 41.18  89.820428  60.801988 25.620 -100.00 -100.00 -100.00
  49    38.568 55135.19791823 43.09  89.824823  60.803505   -100 -100.00 -100.00 -100.00
  49    37.949 55135.19791882 48.40  89.829218  60.805021 17.194 -100.00 -100.00 -100.00
  49    38.100 55135.19791941 49.60  89.833614  60.806538 20.006 -100.00 -100.00 -100.00
  49    37.875 55135.19792000 47.72  89.838010  60.808054 15.079 -100.00 -100.00 -100.00
  50    38.608 55145.11355631 39.15  89.821177  60.802046 25.596 -100.00 -100.00 -100.00
  50    38.167 55145.11355690 42.26  89.825572  60.803562   -100 -100.00 -100.00 -100.00
  50    38.002 55145.11355749 46.29  89.829967  60.805079  8.504 -100.00 -100.00 -100.00
  50    38.259 55145.11355808 48.81  89.834363  60.806595   -100 -100.00 -100.00 -100.00
  50    38.027 55145.11355867 46.47  89.838760  60.808111   -100 -100.00 -100.00 -100.00
  51    40.442 55155.02919410 39.09  89.820065  60.802661   -100 -100.00 -100.00 -100.00
  51    40.223 55155.02919469 40.20  89.824460  60.804177   -100 -100.00 -100.00 -100.00
  51    40.453 55155.02919528 43.04  89.828855  60.805694   -100 -100.00 -100.00 -100.00
  51    40.255 55155.02919587 39.99  89.833251  60.807210   -100 -100.00 -100.00 -100.00
  51    40.045 55155.02919646 39.38  89.837647  60.808726   -100 -100.00 -100.00 -100.00
  52    43.369 55164.94483189 20.24  89.817518  60.802494 12.526 -100.00 -100.00 -100.00
  52    43.392 55164.94483248 21.24  89.821913  60.804010 15.310 -100.00 -100.00 -100.00
  52    43.531 55164.94483307 25.66  89.826307  60.805527 26.431 -100.00 -100.00 -100.00
  52    43.491 55164.94483366 26.93  89.830703  60.807043   -100 -100.00 -100.00 -100.00
  52    44.116 55164.94483425 29.24  89.835099  60.808560 26.191 -100.00 -100.00 -100.00
  53    56.021 55174.86046972 14.54  89.817641  60.802581  5.901 -100.00 -100.00 -100.00
  53    55.530 55174.86047031 14.60  89.822036  60.804098  5.809 -100.00 -100.00 -100.00
  53    54.873 55174.86047090 15.07  89.826431  60.805615  7.911 -100.00 -100.00 -100.00
  53    54.307 55174.86047150 15.13  89.830826  60.807131  7.928 -100.00 -100.00 -100.00
  53    53.483 55174.86047209 14.62  89.835221  60.808648  6.673 -100.00 -100.00 -100.00
  54    55.764 55184.77610992 12.35  89.820472  60.802787  5.402 -100.00 -100.00 -100.00
  54    55.114 55184.77611051 13.54  89.824866  60.804304  7.614 -100.00 -100.00 -100.00
  54    53.934 55184.77611110 13.57  89.829261  60.805820  6.979 -100.00 -100.00 -100.00
  54    43.206 55184.77611169 14.43  89.833656  60.807337  8.968 -100.00 -100.00 -100.00
  54    43.195 55184.77611228 14.51  89.838052  60.808853  8.284 -100.00 -100.00 -100.00
  55    54.396 55194.69176090 13.22  89.818490  60.803424  6.077 -100.00 -100.00 -100.00
  55    43.181 55194.69176149 14.38  89.822885  60.804941  8.509 -100.00 -100.00 -100.00
  55    43.199 55194.69176208 13.54  89.827280  60.806458  7.552 -100.00 -100.00 -100.00
  55    43.151 55194.69176267 14.09  89.831675  60.807974  7.847 -100.00 -100.00 -100.00
  55    43.170 55194.69176326 14.40  89.836071  60.809491  9.155 -100.00 -100.00 -100.00
  56    43.226 55204.60741050 13.18  89.814394  60.804339  5.501 -100.00 -100.00 -100.00
  56    43.174 55204.60741109 13.58  89.818789  60.805856  6.046 -100.00 -100.00 -100.00
  56    43.238 55204.60741168 13.74  89.823184  60.807373  6.740 -100.00 -100.00 -100.00
  56    43.275 55204.60741227 13.80  89.827579  60.808889  7.225 -100.00 -100.00 -100.00
  56    43.436 55204.60741286 13.40  89.831975  60.810405  6.632 -100.00 -100.00 -100.00
  57    43.249 55214.52305977 13.87  89.812399  60.805933  7.096 -100.00 -100.00 -100.00
  57    43.419 55214.52306036 13.21  89.816794  60.807450  5.567 -100.00 -100.00 -100.00
  57    43.405 55214.52306095 13.17  89.821189  60.808966  6.331 -100.00 -100.00 -100.00
  57    43.760 55214.52306154 13.23  89.825585  60.810483  6.157 -100.00 -100.00 -100.00
  58    45.625 55224.43870839 13.65  89.810503  60.805881  6.069 -100.00 -100.00 -100.00
  58    45.403 55224.43870898 13.41  89.814898  60.807398  5.790 -100.00 -100.00 -100.00
  58    43.857 55224.43870957 12.50  89.819293  60.808914  4.586 -100.00 -100.00 -100.00
  58    44.999 55224.43871016 12.96  89.823689  60.810431  5.224 -100.00 -100.00 -100.00
  59    45.245 55234.35435554 13.55  89.813147  60.805014  6.139 -100.00 -100.00 -100.00
  59    43.848 55234.35435613 13.05  89.817542  60.806530  5.851 -100.00 -100.00 -100.00
  59    45.613 55234.35435672 13.26  89.821938  60.808047  5.837 -100.00 -100.00 -100.00
  59    43.572 55234.35435731 12.67  89.826334  60.809563  4.899 -100.00 -100.00 -100.00
  59    43.573 55234.35435790 12.87  89.830730  60.811080  6.586 -100.00 -100.00 -100.00
  60    44.521 55244.26999963 12.67  89.818730  60.803712  4.877 -100.00 -100.00 -100.00
  60    54.624 55244.27000022 12.08  89.823125  60.805229  4.903 -100.00 -100.00 -100.00
  60    54.083 55244.27000081 12.21  89.827521  60.806745  5.238 -100.00 -100.00 -100.00
  60    53.386 55244.27000140 11.82  89.831917  60.808261  4.569 -100.00 -100.00 -100.00
  60    43.313 55244.27000199 12.24  89.836314  60.809778  5.256 -100.00 -100.00 -100.00
  61    54.843 55254.18564018 12.81  89.819371  60.802098  5.466 -100.00 -100.00 -100.00
  61    43.271 55254.18564077 12.86  89.823766  60.803615  5.273 -100.00 -100.00 -100.00
  61    43.081 55254.18564136 12.81  89.828162  60.805131  5.546 -100.00 -100.00 -100.00
  61    43.231 55254.18564195 12.44  89.832558  60.806647  5.292 -100.00 -100.00 -100.00
  61    43.036 55254.18564254 12.66  89.836954  60.808163  5.650 -100.00 -100.00 -100.00
  62    53.655 55264.10127904 12.68  89.819568  60.802996  5.813 -100.00 -100.00 -100.00
  62    43.369 55264.10127963 12.65  89.823963  60.804513  5.564 -100.00 -100.00 -100.00
  62    54.216 55264.10128022 12.73  89.828359  60.806029  5.475 -100.00 -100.00 -100.00
  62    52.528 55264.10128081 11.96  89.832755  60.807545  5.620 -100.00 -100.00 -100.00
  62    53.261 55264.10128140 11.65  89.837152  60.809061  5.124 -100.00 -100.00 -100.00
  63    44.756 55274.01691651 11.63  89.815868  60.803676  4.865 -100.00 -100.00 -100.00
  63    43.344 55274.01691710 11.95  89.820263  60.805193  5.333 -100.00 -100.00 -100.00
  63    43.540 55274.01691769 11.33  89.824658  60.806709  4.724 -100.00 -100.00 -100.00
  63    42.826 55274.01691829 13.25  89.829054  60.808226  7.247 -100.00 -100.00 -100.00
  63    42.599 55274.01691888 11.91  89.833450  60.809742  5.715 -100.00 -100.00 -100.00
  64    56.726 55283.93255349 11.65  89.814095  60.803227  3.892 -100.00 -100.00 -100.00
  64    55.996 55283.93255408 11.35  89.818490  60.804743  3.338 -100.00 -100.00 -100.00
  64    55.777 55283.93255467 10.87  89.822885  60.806260  3.116 -100.00 -100.00 -100.00
  64    54.091 55283.93255526 11.24  89.827280  60.807776  3.875 -100.00 -100.00 -100.00
  64    54.253 55283.93255585 10.92  89.831676  60.809293  3.592 -100.00 -100.00 -100.00
  65    56.750 55293.84818942 11.99  89.818091  60.802072  3.742 -100.00 -100.00 -100.00
  65    56.003 55293.84819001 12.19  89.822485  60.803589  3.876 -100.00 -100.00 -100.00
  65    55.340 55293.84819060 11.93  89.826880  60.805106  3.700 -100.00 -100.00 -100.00
  65    54.744 55293.84819119 11.46  89.831275  60.806622  3.361 -100.00 -100.00 -100.00
  65    53.993 55293.84819178 12.10  89.835671  60.808138  4.926 -100.00 -100.00 -100.00
  66    55.611 55303.76382707 11.82  89.825391  60.801413  3.858 -100.00 -100.00 -100.00
  66    55.648 55303.76382766 12.09  89.829785  60.802930  5.177 -100.00 -100.00 -100.00
  66    55.449 55303.76382825 11.33  89.834180  60.804446  4.463 -100.00 -100.00 -100.00
  66    54.822 55303.76382884 11.63  89.838575  60.805962  5.026 -100.00 -100.00 -100.00
  66    53.984 55303.76382944 11.08  89.842970  60.807478  4.188 -100.00 -100.00 -100.00
  67    42.770 55313.67947464 28.23  89.827174  60.801522 26.940 -100.00 -100.00 -100.00
  67    42.631 55313.67947523 30.45  89.831568  60.803038   -100 -100.00 -100.00 -100.00
  67    42.765 55313.67947582 32.33  89.835963  60.804555   -100 -100.00 -100.00 -100.00
  67    42.688 55313.67947641 30.80  89.840358  60.806070   -100 -100.00 -100.00 -100.00
  68    45.010 55323.59511971 36.32  89.823010  60.801788 31.782 -100.00 -100.00 -100.00
  68    55.527 55323.59512030 31.18  89.827404  60.803304 13.690 -100.00 -100.00 -100.00
  68    44.836 55323.59512089 32.69  89.831799  60.804821 19.803 -100.00 -100.00 -100.00
  68    44.962 55323.59512148 34.01  89.836194  60.806337 24.998 -100.00 -100.00 -100.00
  68    45.109 55323.59512207 37.12  89.840589  60.807852   -100 -100.00 -100.00 -100.00
  69    56.077 55333.51076366 26.38  89.818683  60.802898  8.084 -100.00 -100.00 -100.00
  69    55.593 55333.51076425 25.77  89.823077  60.804415  6.395 -100.00 -100.00 -100.00
  69    54.928 55333.51076484 26.16  89.827472  60.805931  7.079 -100.00 -100.00 -100.00
  69    54.008 55333.51076543 27.10  89.831867  60.807447  7.704 -100.00 -100.00 -100.00
  69    52.091 55333.51076602 28.43  89.836263  60.808963  8.910 -100.00 -100.00 -100.00
  70    55.834 55343.42640759 27.11  89.815821  60.803715 10.509 -100.00 -100.00 -100.00
  70    55.369 55343.42640818 26.82  89.820215  60.805231 10.258 -100.00 -100.00 -100.00
  70    54.820 55343.42640877 26.37  89.824610  60.806748 10.058 -100.00 -100.00 -100.00
  70    53.914 55343.42640936 26.18  89.829005  60.808264  8.750 -100.00 -100.00 -100.00
  70    46.222 55343.42640995 34.30  89.833401  60.809780 22.042 -100.00 -100.00 -100.00
  71    40.426 55353.34205151 37.79  89.817826  60.804312   -100 -100.00 -100.00 -100.00
  71    40.335 55353.34205210 30.91  89.822220  60.805828 15.613 -100.00 -100.00 -100.00
  71    40.340 55353.34205269 29.99  89.826615  60.807345 14.029 -100.00 -100.00 -100.00
  71    40.629 55353.34205328 30.36  89.831011  60.808861 12.604 -100.00 -100.00 -100.00
  71    45.725 55353.34205387 31.54  89.835407  60.810377 14.672 -100.00 -100.00 -100.00
  72    55.310 55363.25769316 26.81  89.819554  60.804159  9.020 -100.00 -100.00 -100.00
  72    54.964 55363.25769375 26.87  89.823949  60.805676  9.802 -100.00 -100.00 -100.00
  72    48.032 55363.25769434 26.41  89.828344  60.807193  7.882 -100.00 -100.00 -100.00
  72    46.809 55363.25769493 28.25  89.832740  60.808709 11.184 -100.00 -100.00 -100.00
  73    40.064 55373.17333264 35.77  89.818586  60.803691 15.696 -100.00 -100.00 -100.00
  73    39.752 55373.17333323 33.11  89.822981  60.805208 10.629 -100.00 -100.00 -100.00
  73    39.755 55373.17333382 32.48  89.827376  60.806724 10.213 -100.00 -100.00 -100.00
  73    39.946 55373.17333441 33.27  89.831771  60.808241 10.318 -100.00 -100.00 -100.00
  73    39.997 55373.17333500 34.06  89.836167  60.809757 11.404 -100.00 -100.00 -100.00
  74    39.188 55383.08897079 34.13  89.817054  60.804002 14.254 -100.00 -100.00 -100.00
  74    39.289 55383.08897138 32.46  89.821449  60.805518 10.131 -100.00 -100.00 -100.00
  74    39.196 55383.08897197 33.16  89.825843  60.807035 11.141 -100.00 -100.00 -100.00
  74    39.129 55383.08897256 33.46  89.830239  60.808551 12.294 -100.00 -100.00 -100.00
  74    39.438 55383.08897315 33.41  89.834634  60.810068 12.725 -100.00 -100.00 -100.00
  75    39.692 55393.00460836 24.97  89.817305  60.804871  5.812 -100.00 -100.00 -100.00
  75    38.929 55393.00460895 26.77  89.821699  60.806388  7.988 -100.00 -100.00 -100.00
  75    39.081 55393.00460954 25.68  89.826094  60.807905  5.560 -100.00 -100.00 -100.00
  75    39.326 55393.00461013 26.59  89.830489  60.809421  7.037 -100.00 -100.00 -100.00
  76    55.928 55402.92024391 24.64  89.816188  60.803571 12.110 -100.00 -100.00 -100.00
  76    55.560 55402.92024450 24.43  89.820581  60.805088 12.303 -100.00 -100.00 -100.00
  76    39.108 55402.92024509 25.27  89.824976  60.806605 16.440 -100.00 -100.00 -100.00
  76    39.153 55402.92024568 27.54  89.829370  60.808121 23.031 -100.00 -100.00 -100.00
  76    39.198 55402.92024627 28.35  89.833766  60.809638 24.109 -100.00 -100.00 -100.00
  77    39.613 55412.83589581 27.23  89.817477  60.802684 20.687 -100.00 -100.00 -100.00
  77    38.986 55412.83589640 24.77  89.821871  60.804201 14.855 -100.00 -100.00 -100.00
  77    38.689 55412.83589699 24.59  89.826265  60.805718 13.577 -100.00 -100.00 -100.00
  77    38.980 55412.83589758 23.59  89.830660  60.807234 11.462 -100.00 -100.00 -100.00
  77    38.897 55412.83589817 28.83  89.835055  60.808750 27.865 -100.00 -100.00 -100.00
  78    55.762 55422.75154513 26.12  89.821322  60.801768 13.980 -100.00 -100.00 -100.00
  78    38.770 55422.75154572 25.54  89.825716  60.803285 12.119 -100.00 -100.00 -100.00
  78    38.489 55422.75154631 26.66  89.830111  60.804801 14.230 -100.00 -100.00 -100.00
  78    38.644 55422.75154690 28.27  89.834505  60.806317 19.242 -100.00 -100.00 -100.00
  78    38.702 55422.75154749 31.77  89.838901  60.807833 28.559 -100.00 -100.00 -100.00
  79    55.975 55432.66719196 26.68  89.825194  60.801890 12.682 -100.00 -100.00 -100.00
  79    55.559 55432.66719255 25.28  89.829588  60.803406 10.621 -100.00 -100.00 -100.00
  79    54.932 55432.66719314 24.75  89.833982  60.804922  9.462 -100.00 -100.00 -100.00
  79    38.879 55432.66719373 29.71  89.838377  60.806438 18.510 -100.00 -100.00 -100.00
  79    38.707 55432.66719432 32.19  89.842773  60.807954 30.143 -100.00 -100.00 -100.00
  80    56.396 55442.58283614 22.44  89.819970  60.801790  6.338 -100.00 -100.00 -100.00
  80    55.763 55442.58283673 22.41  89.824364  60.803306  6.589 -100.00 -100.00 -100.00
  80    53.585 55442.58283732 26.31  89.828759  60.804823 13.939 -100.00 -100.00 -100.00
  80    38.459 55442.58283791 27.58  89.833154  60.806339 18.515 -100.00 -100.00 -100.00
  80    38.495 55442.58283850 29.64  89.837549  60.807854 21.599 -100.00 -100.00 -100.00
  81    38.307 55452.49847924 34.62  89.816530  60.803090 28.460 -100.00 -100.00 -100.00
  81    38.991 55452.49847983 29.09  89.820924  60.804607 19.263 -100.00 -100.00 -100.00
  81    38.448 55452.49848042 29.47  89.825319  60.806123 21.968 -100.00 -100.00 -100.00
  81    38.238 55452.49848101 27.34  89.829714  60.807639 16.738 -100.00 -100.00 -100.00
  81    42.970 55452.49848160 27.43  89.834110  60.809155 13.964 -100.00 -100.00 -100.00
  82    56.234 55462.41412158 24.98  89.814282  60.803566  7.157 -100.00 -100.00 -100.00
  82    55.746 55462.41412217 23.81  89.818677  60.805083  6.334 -100.00 -100.00 -100.00
  82    55.236 55462.41412276 23.97  89.823072  60.806599  6.294 -100.00 -100.00 -100.00
  82    54.047 55462.41412335 26.76  89.827467  60.808115 11.075 -100.00 -100.00 -100.00
  82    43.178 55462.41412394 29.12  89.831862  60.809632 14.978 -100.00 -100.00 -100.00
  83    55.789 55472.32976271 27.45  89.819114  60.803437  6.393 -100.00 -100.00 -100.00
  83    55.350 55472.32976330 27.64  89.823509  60.804954  7.817 -100.00 -100.00 -100.00
  83    53.636 55472.32976389 27.93  89.827904  60.806470  8.734 -100.00 -100.00 -100.00
  83    46.996 55472.32976448 30.10  89.832300  60.807987 11.924 -100.00 -100.00 -100.00
  83    51.607 55472.32976507 28.57  89.836696  60.809503  9.400 -100.00 -100.00 -100.00
  84    56.145 55482.24540069 27.83  89.822915  60.801707  9.836 -100.00 -100.00 -100.00
  84    55.547 55482.24540128 27.87  89.827309  60.803223 11.124 -100.00 -100.00 -100.00
  84    54.790 55482.24540187 28.45  89.831705  60.804740 13.003 -100.00 -100.00 -100.00
  84    38.619 55482.24540246 31.69  89.836100  60.806256 21.177 -100.00 -100.00 -100.00
  84    38.951 55482.24540305 32.10  89.840496  60.807772 18.902 -100.00 -100.00 -100.00
  85    38.547 55492.16103627 39.30  89.824995  60.800221 24.100 -100.00 -100.00 -100.00
  85    38.355 55492.16103686 44.17  89.829390  60.801738   -100 -100.00 -100.00 -100.00
  85    38.354 55492.16103745 40.88  89.833785  60.803254   -100 -100.00 -100.00 -100.00
  85    38.429 55492.16103804 44.60  89.838180  60.804771   -100 -100.00 -100.00 -100.00
  85    38.663 55492.16103863 46.64  89.842576  60.806287   -100 -100.00 -100.00 -100.00
  86    38.298 55502.07667001 36.62  89.824337  60.800372 25.819 -100.00 -100.00 -100.00
  86    37.953 55502.07667060 41.13  89.828732  60.801888   -100 -100.00 -100.00 -100.00
  86    38.011 55502.07667119 37.44  89.833127  60.803405   -100 -100.00 -100.00 -100.00
  86    37.961 55502.07667178 38.09  89.837522  60.804921   -100 -100.00 -100.00 -100.00
  86    38.259 55502.07667237 43.21  89.841918  60.806438   -100 -100.00 -100.00 -100.00
  87    38.733 55511.99231499 40.12  89.821324  60.802427 20.367 -100.00 -100.00 -100.00
  87    38.223 55511.99231558 44.27  89.825718  60.803944   -100 -100.00 -100.00 -100.00
  87    37.935 55511.99231617 49.46  89.830114  60.805460  2.462 -100.00 -100.00 -100.00
  87    38.079 55511.99231676 51.41  89.834509  60.806977  3.134 -100.00 -100.00 -100.00
  87    37.923 55511.99231735 49.40  89.838905  60.808493   -100 -100.00 -100.00 -100.00
  88    38.303 55521.90796447 41.23  89.818572  60.804330 30.716 -100.00 -100.00 -100.00
  88    37.990 55521.90796506 45.82  89.822967  60.805846   -100 -100.00 -100.00 -100.00
  88    38.077 55521.90796565 48.35  89.827362  60.807363   -100 -100.00 -100.00 -100.00
  88    37.910 55521.90796624 46.28  89.831757  60.808880   -100 -100.00 -100.00 -100.00
  89    39.755 55531.82361255 31.15  89.816757  60.804630 27.631 -100.00 -100.00 -100.00
  89    39.679 55531.82361314 31.35  89.821151  60.806147 29.334 -100.00 -100.00 -100.00
  89    39.669 55531.82361373 30.07  89.825546  60.807663 26.020 -100.00 -100.00 -100.00
  89    39.720 55531.82361432 30.62  89.829942  60.809180 28.034 -100.00 -100.00 -100.00
  90    40.634 55541.73925878 23.52  89.814647  60.803337 12.867 -100.00 -100.00 -100.00
  90    39.887 55541.73925937 23.82  89.819042  60.804854 15.467 -100.00 -100.00 -100.00
  90    39.680 55541.73925996 24.90  89.823436  60.806370 16.421 -100.00 -100.00 -100.00
  90    41.719 55541.73926056 22.75  89.827832  60.807887 13.094 -100.00 -100.00 -100.00
  90    40.299 55541.73926115 21.63  89.832227  60.809403 10.749 -100.00 -100.00 -100.00
  91    41.376 55551.65490374 20.50  89.817894  60.804192  8.642 -100.00 -100.00 -100.00
  91    42.144 55551.65490433 20.17  89.822289  60.805708  8.320 -100.00 -100.00 -100.00
  91    41.924 55551.65490493 20.75  89.826684  60.807225 10.197 -100.00 -100.00 -100.00
  91    42.444 55551.65490552 20.88  89.831079  60.808741  9.562 -100.00 -100.00 -100.00
  91    40.877 55551.65490611 24.03  89.835475  60.810257 15.358 -100.00 -100.00 -100.00
  92    42.226 55561.57054666 18.22  89.814749  60.804295  7.097 -100.00 -100.00 -100.00
  92    42.852 55561.57054725 17.50  89.819143  60.805812  6.061 -100.00 -100.00 -100.00
  92    42.937 55561.57054784 16.89  89.823538  60.807329  5.625 -100.00 -100.00 -100.00
  92    42.917 55561.57054843 17.36  89.827934  60.808845  6.837 -100.00 -100.00 -100.00
  92    43.040 55561.57054902 16.35  89.832330  60.810361  5.169 -100.00 -100.00 -100.00
  93    42.147 55571.48618921 18.27  89.813950  60.805320  8.057 -100.00 -100.00 -100.00
  93    42.256 55571.48618980 18.32  89.818345  60.806837  8.338 -100.00 -100.00 -100.00
  93    42.935 55571.48619039 16.22  89.822740  60.808353  5.355 -100.00 -100.00 -100.00
  93    42.979 55571.48619098 16.86  89.827136  60.809870  5.851 -100.00 -100.00 -100.00
  94    41.839 55581.40183073 17.81  89.815230  60.805453  8.338 -100.00 -100.00 -100.00
  94    42.980 55581.40183132 16.46  89.819625  60.806970  6.687 -100.00 -100.00 -100.00
  94    42.805 55581.40183191 16.15  89.824021  60.808486  6.381 -100.00 -100.00 -100.00
  94    43.089 55581.40183250 15.84  89.828417  60.810003  6.449 -100.00 -100.00 -100.00
  95    44.481 55591.31746886 15.82  89.816864  60.803184  5.885 -100.00 -100.00 -100.00
  95    42.186 55591.31746945 16.10  89.821258  60.804701  6.090 -100.00 -100.00 -100.00
  95    42.591 55591.31747004 16.23  89.825654  60.806218  7.292 -100.00 -100.00 -100.00
  95    42.838 55591.31747063 15.25  89.830049  60.807734  6.397 -100.00 -100.00 -100.00
  95    42.778 55591.31747122 15.33  89.834446  60.809251  6.351 -100.00 -100.00 -100.00
  96    42.807 55601.23310421 16.16  89.823146  60.801355  6.211 -100.00 -100.00 -100.00
  96    55.419 55601.23310480 15.29  89.827541  60.802871  4.748 -100.00 -100.00 -100.00
  96    54.882 55601.23310539 15.75  89.831936  60.804388  6.185 -100.00 -100.00 -100.00
  96    42.131 55601.23310598 15.74  89.836332  60.805904  6.305 -100.00 -100.00 -100.00
  96    42.030 55601.23310657 15.03  89.840728  60.807421  5.987 -100.00 -100.00 -100.00
  97    55.657 55611.14873740 16.10  89.828692  60.800714  6.239 -100.00 -100.00 -100.00
  97    55.403 55611.14873799 16.06  89.833087  60.802230  6.062 -100.00 -100.00 -100.00
  97    54.908 55611.14873858 15.56  89.837482  60.803747  5.598 -100.00 -100.00 -100.00
  97    53.787 55611.14873917 16.43  89.841878  60.805263  6.615 -100.00 -100.00 -100.00
  97    41.482 55611.14873976 16.34  89.846275  60.806779  7.543 -100.00 -100.00 -100.00
  98    55.242 55621.06436920 15.22  89.826890  60.800302  5.259 -100.00 -100.00 -100.00
  98    55.521 55621.06436979 15.06  89.831285  60.801819  6.390 -100.00 -100.00 -100.00
  98    55.006 55621.06437038 15.16  89.835680  60.803335  6.872 -100.00 -100.00 -100.00
  98    54.225 55621.06437097 14.31  89.840075  60.804852  5.681 -100.00 -100.00 -100.00
  98    53.651 55621.06437156 14.47  89.844471  60.806368  5.835 -100.00 -100.00 -100.00
  99    45.153 55630.98002142 16.08  89.819557  60.801614  5.751 -100.00 -100.00 -100.00
  99    54.509 55630.98002201 16.36  89.823951  60.803130  6.533 -100.00 -100.00 -100.00
  99    54.846 55630.98002260 16.49  89.828346  60.804647  6.644 -100.00 -100.00 -100.00
  99    54.265 55630.98002319 15.51  89.832741  60.806164  5.024 -100.00 -100.00 -100.00
  99    52.281 55630.98002378 15.38  89.837137  60.807680  5.343 -100.00 -100.00 -100.00
 100    41.877 55640.89567202 16.50  89.817301  60.802741  7.888 -100.00 -100.00 -100.00
 100    54.572 55640.89567261 15.79  89.821695  60.804258  6.399 -100.00 -100.00 -100.00
 100    54.630 55640.89567320 15.01  89.826090  60.805775  5.390 -100.00 -100.00 -100.00
 100    42.187 55640.89567379 14.92  89.830485  60.807292  5.982 -100.00 -100.00 -100.00
 100    53.024 55640.89567438 14.03  89.834881  60.808808  4.889 -100.00 -100.00 -100.00
 101    55.028 55650.81132005 10.99  89.818260  60.802191  4.504 -100.00 -100.00 -100.00
 101    54.056 55650.81132064 11.67  89.822654  60.803708  5.258 -100.00 -100.00 -100.00
 101    54.193 55650.81132123 11.51  89.827049  60.805224  5.030 -100.00 -100.00 -100.00
 101    52.217 55650.81132182 11.35  89.831444  60.806741  4.585 -100.00 -100.00 -100.00
 101    53.493 55650.81132241 10.63  89.835840  60.808257  3.814 -100.00 -100.00 -100.00
 102    56.529 55660.72696502 13.34  89.824768  60.802092  4.630 -100.00 -100.00 -100.00
 102    55.710 55660.72696561 12.26  89.829162  60.803609  3.501 -100.00 -100.00 -100.00
 102    54.970 55660.72696620 12.04  89.833557  60.805125  3.502 -100.00 -100.00 -100.00
 102    54.797 55660.72696679 11.84  89.837953  60.806641  3.043 -100.00 -100.00 -100.00
 102    53.864 55660.72696738 11.51  89.842349  60.808157  3.145 -100.00 -100.00 -100.00
 103    41.271 55670.64260569 36.31  89.822525  60.800430   -100 -100.00 -100.00 -100.00
 103    41.091 55670.64260628 34.54  89.826919  60.801946 31.855 -100.00 -100.00 -100.00
 103    55.131 55670.64260687 31.88  89.831314  60.803463 22.867 -100.00 -100.00 -100.00
 103    47.894 55670.64260746 31.21  89.835709  60.804979 18.437 -100.00 -100.00 -100.00
 103    41.297 55670.64260805 35.05  89.840104  60.806495   -100 -100.00 -100.00 -100.00
 104    43.175 55680.55824502 41.46  89.820841  60.801108   -100 -100.00 -100.00 -100.00
 104    43.699 55680.55824561 46.53  89.825236  60.802625   -100 -100.00 -100.00 -100.00
 104    43.527 55680.55824620 53.40  89.829630  60.804141   -100 -100.00 -100.00 -100.00
 104    43.421 55680.55824679 54.73  89.834025  60.805657 24.911 -100.00 -100.00 -100.00
 104    43.414 55680.55824738 53.13  89.838421  60.807173 21.725 -100.00 -100.00 -100.00
 105    40.582 55690.47388283 44.37  89.820230  60.802991 27.142 -100.00 -100.00 -100.00
 105    40.274 55690.47388342 48.39  89.824625  60.804507   -100 -100.00 -100.00 -100.00
 105    40.245 55690.47388401 47.14  89.829019  60.806024   -100 -100.00 -100.00 -100.00
 105    40.239 55690.47388460 50.28  89.833415  60.807540  2.150 -100.00 -100.00 -100.00
 105    40.378 55690.47388519 50.29  89.837810  60.809056   -100 -100.00 -100.00 -100.00
 106    55.911 55700.38951898 23.65  89.820012  60.803971  6.249 -100.00 -100.00 -100.00
 106    54.900 55700.38951957 24.72  89.824407  60.805488  8.411 -100.00 -100.00 -100.00
 106    54.675 55700.38952016 24.38  89.828801  60.807004  6.763 -100.00 -100.00 -100.00
 106    47.328 55700.38952075 28.33  89.833197  60.808521 12.216 -100.00 -100.00 -100.00
 107    39.141 55710.30515822 41.31  89.816502  60.802522 25.328 -100.00 -100.00 -100.00
 107    39.057 55710.30515881 42.66  89.820896  60.804040 30.453 -100.00 -100.00 -100.00
 107    38.946 55710.30515940 42.70  89.825290  60.805556   -100 -100.00 -100.00 -100.00
 107    38.842 55710.30515999 46.00  89.829685  60.807073   -100 -100.00 -100.00 -100.00
 107    39.053 55710.30516058 46.56  89.834081  60.808590   -100 -100.00 -100.00 -100.00
 108    38.961 55720.22080847 38.11  89.816824  60.802758 23.467 -100.00 -100.00 -100.00
 108    39.064 55720.22080906 41.29  89.821218  60.804275 26.936 -100.00 -100.00 -100.00
 108    38.631 55720.22080965 45.53  89.825613  60.805792   -100 -100.00 -100.00 -100.00
 108    38.574 55720.22081024 49.69  89.830008  60.807308   -100 -100.00 -100.00 -100.00
 108    38.637 55720.22081083 49.01  89.834404  60.808825   -100 -100.00 -100.00 -100.00
 109    38.161 55730.13645644 42.10  89.816641  60.803245   -100 -100.00 -100.00 -100.00
 109    38.130 55730.13645703 38.40  89.821035  60.804762 28.602 -100.00 -100.00 -100.00
 109    38.177 55730.13645762 41.13  89.825430  60.806279   -100 -100.00 -100.00 -100.00
 109    38.335 55730.13645821 44.31  89.829826  60.807795   -100 -100.00 -100.00 -100.00
 109    38.610 55730.13645880 44.63  89.834221  60.809311 29.996 -100.00 -100.00 -100.00
 110    38.834 55740.05210278 41.39  89.814290  60.803259 29.696 -100.00 -100.00 -100.00
 110    38.800 55740.05210337 44.61  89.818684  60.804776   -100 -100.00 -100.00 -100.00
 110    38.849 55740.05210396 45.91  89.823079  60.806293   -100 -100.00 -100.00 -100.00
 110    39.050 55740.05210455 48.71  89.827474  60.807809   -100 -100.00 -100.00 -100.00
 110    38.769 55740.05210514 51.44  89.831870  60.809325   -100 -100.00 -100.00 -100.00
 111    40.060 55749.96774806 26.04  89.813651  60.803806 17.922 -100.00 -100.00 -100.00
 111    39.630 55749.96774865 24.32  89.818045  60.805323 14.922 -100.00 -100.00 -100.00
 111    38.818 55749.96774924 23.50  89.822440  60.806839 12.349 -100.00 -100.00 -100.00
 111    38.344 55749.96774983 25.50  89.826835  60.808356 18.629 -100.00 -100.00 -100.00
 111    38.654 55749.96775042 27.84  89.831230  60.809872 22.590 -100.00 -100.00 -100.00
 112    39.363 55759.88339139 41.53  89.817502  60.804638 19.312 -100.00 -100.00 -100.00
 112    38.546 55759.88339199 51.30  89.821896  60.806155 10.911 -100.00 -100.00 -100.00
 112    38.703 55759.88339258 52.94  89.826291  60.807671   -100 -100.00 -100.00 -100.00
 112    38.561 55759.88339317 52.60  89.830686  60.809187  7.691 -100.00 -100.00 -100.00
 113    40.079 55769.79903106 25.68  89.816365  60.802401 11.340 -100.00 -100.00 -100.00
 113    45.617 55769.79903165 24.56  89.820759  60.803918  9.255 -100.00 -100.00 -100.00
 113    38.964 55769.79903224 24.47  89.825153  60.805434  9.483 -100.00 -100.00 -100.00
 113    38.415 55769.79903283 26.95  89.829548  60.806951 15.466 -100.00 -100.00 -100.00
 113    38.546 55769.79903342 28.39  89.833943  60.808467 17.886 -100.00 -100.00 -100.00
 114    38.448 55779.71466800 36.81  89.820372  60.801041   -100 -100.00 -100.00 -100.00
 114    38.347 55779.71466859 41.26  89.824766  60.802557   -100 -100.00 -100.00 -100.00
 114    38.262 55779.71466918 37.06  89.829160  60.804074   -100 -100.00 -100.00 -100.00
 114    38.349 55779.71466977 36.24  89.833555  60.805590 31.148 -100.00 -100.00 -100.00
 114    38.260 55779.71467036 32.02  89.837950  60.807106 16.593 -100.00 -100.00 -100.00
 115    38.296 55789.63030278 33.77  89.826126  60.800998   -100 -100.00 -100.00 -100.00
 115    38.441 55789.63030337 29.76  89.830520  60.802515 23.292 -100.00 -100.00 -100.00
 115    38.254 55789.63030396 29.12  89.834914  60.804031 24.315 -100.00 -100.00 -100.00
 115    38.458 55789.63030455 30.40  89.839309  60.805547 29.018 -100.00 -100.00 -100.00
 115    38.765 55789.63030514 34.48  89.843704  60.807063   -100 -100.00 -100.00 -100.00
 116    39.370 55799.54593579 35.48  89.825312  60.800359 22.548 -100.00 -100.00 -100.00
 116    38.612 55799.54593638 35.47  89.829706  60.801875   -100 -100.00 -100.00 -100.00
 116    38.674 55799.54593697 32.26  89.834100  60.803392 29.485 -100.00 -100.00 -100.00
 116    38.760 55799.54593756 30.72  89.838495  60.804908 21.845 -100.00 -100.00 -100.00
 116    39.002 55799.54593815 32.31  89.842890  60.806424 24.420 -100.00 -100.00 -100.00
 117    38.689 55809.46158246 30.85  89.820493  60.800926 13.782 -100.00 -100.00 -100.00
 117    47.785 55809.46158305 27.84  89.824886  60.802443  8.431 -100.00 -100.00 -100.00
 117    38.446 55809.46158364 30.15  89.829281  60.803959 13.442 -100.00 -100.00 -100.00
 117    38.401 55809.46158423 31.63  89.833675  60.805476 17.905 -100.00 -100.00 -100.00
 117    38.621 55809.46158483 31.59  89.838070  60.806992 15.833 -100.00 -100.00 -100.00
 118    48.226 55819.37723169 25.26  89.820000  60.802517 11.239 -100.00 -100.00 -100.00
 118    47.809 55819.37723228 26.89  89.824394  60.804033 14.430 -100.00 -100.00 -100.00
 118    47.489 55819.37723287 25.71  89.828789  60.805550 11.805 -100.00 -100.00 -100.00
 118    52.872 55819.37723346 25.69  89.833184  60.807066 11.194 -100.00 -100.00 -100.00
 118    41.864 55819.37723405 27.27  89.837580  60.808583 14.722 -100.00 -100.00 -100.00
 119    38.904 55829.29287668 39.52  89.823073  60.802957 17.439 -100.00 -100.00 -100.00
 119    38.274 55829.29287727 50.42  89.827468  60.804474   -100 -100.00 -100.00 -100.00
 119    38.189 55829.29287786 50.73  89.831863  60.805991  5.480 -100.00 -100.00 -100.00
 119    38.191 55829.29287845 51.65  89.836258  60.807507   -100 -100.00 -100.00 -100.00
 120    38.476 55839.20851654 42.66  89.822657  60.800777 20.833 -100.00 -100.00 -100.00
 120    38.096 55839.20851713 45.88  89.827052  60.802294 28.174 -100.00 -100.00 -100.00
 120    37.589 55839.20851772 46.14  89.831446  60.803811   -100 -100.00 -100.00 -100.00
 120    37.812 55839.20851831 46.61  89.835842  60.805327   -100 -100.00 -100.00 -100.00
 120    37.897 55839.20851890 47.96  89.840237  60.806844   -100 -100.00 -100.00 -100.00
 121    38.243 55849.12415364 38.27  89.824148  60.799917 21.745 -100.00 -100.00 -100.00
 121    38.748 55849.12415423 40.30  89.828542  60.801434 19.050 -100.00 -100.00 -100.00
 121    38.142 55849.12415482 43.61  89.832937  60.802951   -100 -100.00 -100.00 -100.00
 121    38.078 55849.12415541 48.91  89.837332  60.804467   -100 -100.00 -100.00 -100.00
 121    38.213 55849.12415600 50.93  89.841728  60.805983   -100 -100.00 -100.00 -100.00
 122    38.860 55859.03978904 40.42  89.827016  60.801545 16.432 -100.00 -100.00 -100.00
 122    37.921 55859.03978963 53.25  89.831410  60.803062  4.656 -100.00 -100.00 -100.00
 122    37.992 55859.03979022 51.26  89.835806  60.804578 15.865 -100.00 -100.00 -100.00
 122    38.187 55859.03979081 51.29  89.840201  60.806095   -100 -100.00 -100.00 -100.00
 123    38.515 55868.95543708 36.74  89.820907  60.802624 16.890 -100.00 -100.00 -100.00
 123    37.424 55868.95543767 38.98  89.825302  60.804141   -100 -100.00 -100.00 -100.00
 123    37.778 55868.95543826 40.57  89.829697  60.805657   -100 -100.00 -100.00 -100.00
 123    37.916 55868.95543885 44.62  89.834092  60.807174   -100 -100.00 -100.00 -100.00
 123    37.720 55868.95543944 44.68  89.838488  60.808690   -100 -100.00 -100.00 -100.00
 133    41.147 55968.11188012 21.98  89.820781  60.801526 17.795 -100.00 -100.00 -100.00
 133    41.118 55968.11188071 19.25  89.825176  60.803042 12.155 -100.00 -100.00 -100.00
 133    41.116 55968.11188130 17.26  89.829571  60.804559  9.237 -100.00 -100.00 -100.00
 133    40.977 55968.11188189 18.60  89.833967  60.806075 12.823 -100.00 -100.00 -100.00
 133    40.954 55968.11188248 17.90  89.838363  60.807592 11.484 -100.00 -100.00 -100.00
 134    41.047 55978.02751712 23.59  89.823377  60.802823 21.972 -100.00 -100.00 -100.00
 134    41.211 55978.02751771 20.68  89.827772  60.804339 14.258 -100.00 -100.00 -100.00
 134    41.122 55978.02751830 20.14  89.832168  60.805856 11.768 -100.00 -100.00 -100.00
 134    40.863 55978.02751889 21.75  89.836564  60.807372 18.512 -100.00 -100.00 -100.00
 135    40.707 55987.94315256 20.30  89.819918  60.801544 14.219 -100.00 -100.00 -100.00
 135    40.871 55987.94315315 18.32  89.824312  60.803061 10.057 -100.00 -100.00 -100.00
 135    40.866 55987.94315374 19.19  89.828707  60.804578 12.649 -100.00 -100.00 -100.00
 135    41.807 55987.94315433 17.87  89.833103  60.806094  9.633 -100.00 -100.00 -100.00
 135    40.581 55987.94315492 18.79  89.837498  60.807611 11.938 -100.00 -100.00 -100.00
 136    40.771 55997.85879252 19.91  89.821865  60.801614 12.425 -100.00 -100.00 -100.00
 136    40.826 55997.85879311 19.19  89.826259  60.803130 11.369 -100.00 -100.00 -100.00
 136    40.456 55997.85879370 19.42  89.830654  60.804647 11.707 -100.00 -100.00 -100.00
 136    40.602 55997.85879429 19.67  89.835049  60.806163 11.775 -100.00 -100.00 -100.00
 136    40.586 55997.85879488 18.35  89.839444  60.807680  9.931 -100.00 -100.00 -100.00
 137    40.632 56007.77444382 18.75  89.823463  60.802176 10.625 -100.00 -100.00 -100.00
 137    40.272 56007.77444441 20.09  89.827858  60.803693 15.242 -100.00 -100.00 -100.00
 137    40.344 56007.77444500 19.70  89.832252  60.805209 14.164 -100.00 -100.00 -100.00
 137    40.189 56007.77444559 20.54  89.836647  60.806725 16.705 -100.00 -100.00 -100.00
 137    40.551 56007.77444618 17.94  89.841043  60.808242  9.606 -100.00 -100.00 -100.00
 138    55.435 56017.69009090 18.10  89.824737  60.802446  8.876 -100.00 -100.00 -100.00
 138    54.957 56017.69009149 18.11  89.829131  60.803962  8.433 -100.00 -100.00 -100.00
 138    54.116 56017.69009208 17.28  89.833526  60.805479  6.656 -100.00 -100.00 -100.00
 138    53.246 56017.69009267 16.91  89.837921  60.806995  7.538 -100.00 -100.00 -100.00
 139    40.300 56027.60573436 24.76  89.818991  60.801475 20.944 -100.00 -100.00 -100.00
 139    40.331 56027.60573495 25.84  89.823385  60.802991 27.290 -100.00 -100.00 -100.00
 139    40.421 56027.60573554 25.37  89.827780  60.804507 24.292 -100.00 -100.00 -100.00
 139    40.272 56027.60573613 27.41  89.832175  60.806024 31.727 -100.00 -100.00 -100.00
 139    40.527 56027.60573672 30.09  89.836570  60.807540   -100 -100.00 -100.00 -100.00
 141    47.488 56047.43701736 28.30  89.815338  60.802979 13.564 -100.00 -100.00 -100.00
 141    41.448 56047.43701795 28.44  89.819732  60.804496 17.012 -100.00 -100.00 -100.00
 141    41.254 56047.43701854 30.24  89.824127  60.806012 23.009 -100.00 -100.00 -100.00
 141    41.099 56047.43701913 31.37  89.828522  60.807529 27.294 -100.00 -100.00 -100.00
 141    41.230 56047.43701972 31.02  89.832918  60.809045 22.646 -100.00 -100.00 -100.00
 142    41.274 56057.35265523 39.46  89.815462  60.803183 26.161 -100.00 -100.00 -100.00
 142    41.004 56057.35265582 39.96  89.819857  60.804700   -100 -100.00 -100.00 -100.00
 142    40.739 56057.35265641 39.38  89.824251  60.806216   -100 -100.00 -100.00 -100.00
 142    41.187 56057.35265700 41.10  89.828646  60.807733   -100 -100.00 -100.00 -100.00
 142    41.099 56057.35265759 44.85  89.833042  60.809250   -100 -100.00 -100.00 -100.00
 143    55.556 56067.26828926 25.25  89.820760  60.803724  7.963 -100.00 -100.00 -100.00
 143    53.751 56067.26828985 25.90  89.825155  60.805241  9.870 -100.00 -100.00 -100.00
 143    47.019 56067.26829045 27.68  89.829549  60.806758 12.082 -100.00 -100.00 -100.00
 143    45.495 56067.26829104 30.36  89.833945  60.808275 18.063 -100.00 -100.00 -100.00
 144    39.914 56077.18393799 38.47  89.816966  60.803111 16.969 -100.00 -100.00 -100.00
 144    39.564 56077.18393858 44.59  89.821361  60.804628 27.267 -100.00 -100.00 -100.00
 144    38.968 56077.18393917 50.71  89.825755  60.806145  9.767 -100.00 -100.00 -100.00
 144    39.014 56077.18393976 53.76  89.830151  60.807661   -100 -100.00 -100.00 -100.00
 144    39.071 56077.18394035 52.10  89.834546  60.809178  1.565 -100.00 -100.00 -100.00
 145    37.208 56087.09958698 31.37  89.816860  60.804282 25.165 -100.00 -100.00 -100.00
 145    38.535 56087.09958757 29.47  89.821254  60.805798 18.868 -100.00 -100.00 -100.00
 145    38.107 56087.09958816 32.43  89.825649  60.807315 27.365 -100.00 -100.00 -100.00
 145    38.371 56087.09958875 33.20  89.830045  60.808831 32.526 -100.00 -100.00 -100.00
 145    39.057 56087.09958934 29.97  89.834441  60.810348 19.745 -100.00 -100.00 -100.00
 146    39.641 56097.01523342 23.76  89.817117  60.804952 17.233 -100.00 -100.00 -100.00
 146    39.010 56097.01523401 24.47  89.821511  60.806468 19.882 -100.00 -100.00 -100.00
 146    38.526 56097.01523460 24.56  89.825907  60.807985 20.188 -100.00 -100.00 -100.00
 146    38.602 56097.01523519 28.71  89.830302  60.809501   -100 -100.00 -100.00 -100.00
 147    38.375 56106.93087747 28.54  89.817125  60.804202 19.179 -100.00 -100.00 -100.00
 147    38.670 56106.93087806 26.46  89.821520  60.805719 16.191 -100.00 -100.00 -100.00
 147    38.067 56106.93087865 26.82  89.825915  60.807235 17.209 -100.00 -100.00 -100.00
 147    38.139 56106.93087924 29.70  89.830310  60.808751 22.993 -100.00 -100.00 -100.00
 147    38.412 56106.93087983 32.52  89.834706  60.810268 28.653 -100.00 -100.00 -100.00
 148    38.405 56116.84650717 36.96  89.818796  60.802767 16.998 -100.00 -100.00 -100.00
 148    38.384 56116.84650777 41.72  89.823190  60.804283 21.537 -100.00 -100.00 -100.00
 148    37.992 56116.84650836 47.12  89.827585  60.805800   -100 -100.00 -100.00 -100.00
 148    37.785 56116.84650895 51.86  89.831980  60.807316  3.728 -100.00 -100.00 -100.00
 148    37.690 56116.84650954 50.82  89.836375  60.808832  9.066 -100.00 -100.00 -100.00
 149    37.573 56126.76214505 39.87  89.822745  60.801896   -100 -100.00 -100.00 -100.00
 149    37.671 56126.76214564 40.64  89.827139  60.803413   -100 -100.00 -100.00 -100.00
 149    37.851 56126.76214623 42.55  89.831533  60.804929   -100 -100.00 -100.00 -100.00
 149    38.322 56126.76214682 43.72  89.835928  60.806445   -100 -100.00 -100.00 -100.00
 149    38.183 56126.76214741 44.70  89.840323  60.807961 32.038 -100.00 -100.00 -100.00
 150    37.995 56136.67777889 44.04  89.824469  60.800903 32.109 -100.00 -100.00 -100.00
 150    37.892 56136.67777948 45.70  89.828862  60.802420   -100 -100.00 -100.00 -100.00
 150    37.961 56136.67778008 46.35  89.833256  60.803936   -100 -100.00 -100.00 -100.00
 150    37.923 56136.67778067 50.28  89.837651  60.805452   -100 -100.00 -100.00 -100.00
 150    38.025 56136.67778126 50.26  89.842046  60.806968   -100 -100.00 -100.00 -100.00
 151    37.992 56146.59342297 39.67  89.822695  60.801332 27.119 -100.00 -100.00 -100.00
 151    37.986 56146.59342356 40.15  89.827089  60.802849 31.238 -100.00 -100.00 -100.00
 151    37.741 56146.59342415 39.74  89.831483  60.804365   -100 -100.00 -100.00 -100.00
 151    37.816 56146.59342474 41.87  89.835878  60.805881   -100 -100.00 -100.00 -100.00
 151    37.882 56146.59342533 41.05  89.840273  60.807397   -100 -100.00 -100.00 -100.00
 152    39.484 56156.50907221 24.26  89.818565  60.801735 17.113 -100.00 -100.00 -100.00
 152    38.647 56156.50907280 25.26  89.822958  60.803251 22.300 -100.00 -100.00 -100.00
 152    37.908 56156.50907339 25.84  89.827353  60.804768 26.699 -100.00 -100.00 -100.00
 152    37.607 56156.50907398 29.04  89.831748  60.806284   -100 -100.00 -100.00 -100.00
 152    37.916 56156.50907457 28.59  89.836143  60.807800   -100 -100.00 -100.00 -100.00
 153    38.392 56166.42472131 39.73  89.820890  60.803537 22.306 -100.00 -100.00 -100.00
 153    37.828 56166.42472190 44.53  89.825285  60.805053   -100 -100.00 -100.00 -100.00
 153    37.947 56166.42472249 49.20  89.829679  60.806570   -100 -100.00 -100.00 -100.00
 153    37.794 56166.42472308 49.92  89.834075  60.808086  3.728 -100.00 -100.00 -100.00
 153    37.770 56166.42472367 49.61  89.838470  60.809602  8.858 -100.00 -100.00 -100.00
 154    38.217 56176.34036747 34.00  89.820172  60.802848 19.317 -100.00 -100.00 -100.00
 154    37.656 56176.34036806 34.71  89.824566  60.804365   -100 -100.00 -100.00 -100.00
 154    37.813 56176.34036865 30.21  89.828961  60.805881 20.951 -100.00 -100.00 -100.00
 154    37.786 56176.34036924 30.44  89.833356  60.807397 23.116 -100.00 -100.00 -100.00
 154    37.907 56176.34036983 39.02  89.837752  60.808914   -100 -100.00 -100.00 -100.00
 155    38.647 56186.25600909 26.59  89.823277  60.802723 20.532 -100.00 -100.00 -100.00
 155    37.515 56186.25600968 29.66  89.827672  60.804239   -100 -100.00 -100.00 -100.00
 155    37.572 56186.25601027 28.90  89.832067  60.805756 29.583 -100.00 -100.00 -100.00
 155    37.612 56186.25601086 32.79  89.836462  60.807272   -100 -100.00 -100.00 -100.00
 155    37.741 56186.25601145 31.84  89.840858  60.808788   -100 -100.00 -100.00 -100.00
 156    37.328 56196.17164660 33.85  89.823579  60.801992   -100 -100.00 -100.00 -100.00
 156    37.060 56196.17164719 32.50  89.827974  60.803509   -100 -100.00 -100.00 -100.00
 156    37.348 56196.17164778 28.71  89.832369  60.805025 27.812 -100.00 -100.00 -100.00
 156    37.213 56196.17164837 36.79  89.836764  60.806542   -100 -100.00 -100.00 -100.00
 156    37.482 56196.17164896 34.78  89.841160  60.808058   -100 -100.00 -100.00 -100.00
 157    37.624 56206.08728111 37.64  89.823260  60.802363 21.604 -100.00 -100.00 -100.00
 157    37.137 56206.08728170 42.67  89.827655  60.803880   -100 -100.00 -100.00 -100.00
 157    37.131 56206.08728229 46.97  89.832050  60.805396   -100 -100.00 -100.00 -100.00
 157    36.930 56206.08728288 51.22  89.836446  60.806913   -100 -100.00 -100.00 -100.00
 157    36.683 56206.08728347 49.59  89.840842  60.808429 11.165 -100.00 -100.00 -100.00
 158    37.073 56216.00291365 32.70  89.819385  60.802081 32.700 -100.00 -100.00 -100.00
 158    36.831 56216.00291424 30.13  89.823780  60.803598 26.146 -100.00 -100.00 -100.00
 158    37.629 56216.00291483 28.35  89.828174  60.805114 22.573 -100.00 -100.00 -100.00
 158    37.603 56216.00291542 31.02  89.832569  60.806631 26.605 -100.00 -100.00 -100.00
 158    37.656 56216.00291601 30.86  89.836965  60.808147 28.426 -100.00 -100.00 -100.00
 159    37.527 56225.91855339 39.88  89.817882  60.802643 26.346 -100.00 -100.00 -100.00
 159    37.685 56225.91855398 41.85  89.822276  60.804160 23.286 -100.00 -100.00 -100.00
 159    37.401 56225.91855457 47.14  89.826671  60.805677   -100 -100.00 -100.00 -100.00
 159    37.191 56225.91855516 51.58  89.831066  60.807194  6.771 -100.00 -100.00 -100.00
 159    36.879 56225.91855575 50.61  89.835461  60.808710 22.886 -100.00 -100.00 -100.00
 160    36.815 56235.83420834 39.83  89.815488  60.802782   -100 -100.00 -100.00 -100.00
 160    36.997 56235.83420893 40.92  89.819882  60.804299 29.320 -100.00 -100.00 -100.00
 160    36.713 56235.83420952 43.67  89.824276  60.805816   -100 -100.00 -100.00 -100.00
 160    36.599 56235.83421011 45.69  89.828671  60.807333 10.355 -100.00 -100.00 -100.00
 160    36.627 56235.83421070 42.30  89.833066  60.808849   -100 -100.00 -100.00 -100.00
 161    41.531 56245.74985983 33.08  89.816844  60.803333   -100 -100.00 -100.00 -100.00
 161    41.416 56245.74986042 34.84  89.821239  60.804849   -100 -100.00 -100.00 -100.00
 161    41.319 56245.74986101 37.53  89.825633  60.806366   -100 -100.00 -100.00 -100.00
 161    41.366 56245.74986160 39.88  89.830028  60.807883  9.723 -100.00 -100.00 -100.00
 161    41.905 56245.74986219 39.74  89.834423  60.809399   -100 -100.00 -100.00 -100.00
 162    43.117 56255.66550603 22.08  89.816334  60.803375 11.735 -100.00 -100.00 -100.00
 162    42.967 56255.66550662 24.41  89.820729  60.804892 19.756 -100.00 -100.00 -100.00
 162    42.752 56255.66550721 25.48  89.825123  60.806409 24.847 -100.00 -100.00 -100.00
 162    42.905 56255.66550780 23.13  89.829518  60.807925 16.296 -100.00 -100.00 -100.00
 162    43.095 56255.66550839 23.28  89.833913  60.809441 16.475 -100.00 -100.00 -100.00
 163    41.574 56265.58114844 18.00  89.815371  60.803949  9.372 -100.00 -100.00 -100.00
 163    54.451 56265.58114903 15.75  89.819766  60.805466  6.659 -100.00 -100.00 -100.00
 163    54.124 56265.58114963 16.19  89.824161  60.806982  7.996 -100.00 -100.00 -100.00
 163    41.727 56265.58115022 17.13  89.828556  60.808499  9.524 -100.00 -100.00 -100.00
 163    41.672 56265.58115081 18.80  89.832951  60.810015 12.172 -100.00 -100.00 -100.00
 164    42.153 56275.49678932 14.78  89.815466  60.804576  5.725 -100.00 -100.00 -100.00
 164    42.468 56275.49678991 14.30  89.819861  60.806093  5.124 -100.00 -100.00 -100.00
 164    42.668 56275.49679050 14.31  89.824256  60.807610  5.673 -100.00 -100.00 -100.00
 164    43.221 56275.49679109 13.86  89.828651  60.809126  4.603 -100.00 -100.00 -100.00
 164    43.283 56275.49679168 13.91  89.833047  60.810643  6.049 -100.00 -100.00 -100.00
 165    42.526 56285.41243511 13.75  89.814781  60.803706  5.573 -100.00 -100.00 -100.00
 165    42.656 56285.41243570 13.63  89.819176  60.805223  5.270 -100.00 -100.00 -100.00
 165    42.864 56285.41243629 13.06  89.823571  60.806740  4.836 -100.00 -100.00 -100.00
 165    42.658 56285.41243689 14.05  89.827966  60.808256  6.548 -100.00 -100.00 -100.00
 165    43.384 56285.41243748 12.35  89.832362  60.809773  4.428 -100.00 -100.00 -100.00
 166    42.885 56295.32808607 13.21  89.819001  60.803281  5.698 -100.00 -100.00 -100.00
 166    42.826 56295.32808666 12.90  89.823396  60.804798  5.144 -100.00 -100.00 -100.00
 166    42.797 56295.32808726 12.98  89.827791  60.806314  5.551 -100.00 -100.00 -100.00
 166    42.681 56295.32808785 14.94  89.832187  60.807831  8.872 -100.00 -100.00 -100.00
 166    42.802 56295.32808844 14.44  89.836583  60.809347  8.200 -100.00 -100.00 -100.00
 167    42.844 56305.24373284 12.24  89.823171  60.802732  4.566 -100.00 -100.00 -100.00
 167    42.762 56305.24373343 11.95  89.827566  60.804249  4.392 -100.00 -100.00 -100.00
 167    42.614 56305.24373402 12.63  89.831962  60.805765  6.412 -100.00 -100.00 -100.00
 167    42.651 56305.24373461 12.70  89.836358  60.807282  6.435 -100.00 -100.00 -100.00
 167    42.720 56305.24373520 11.84  89.840755  60.808798  5.487 -100.00 -100.00 -100.00
 168    42.864 56315.15937541 11.28  89.821254  60.801982  4.398 -100.00 -100.00 -100.00
 168    42.538 56315.15937600 12.74  89.825649  60.803498  7.037 -100.00 -100.00 -100.00
 168    42.544 56315.15937660 10.91  89.830045  60.805015  4.370 -100.00 -100.00 -100.00
 168    42.474 56315.15937719 12.87  89.834441  60.806531  6.966 -100.00 -100.00 -100.00
 168    52.174 56315.15937778 11.07  89.838837  60.808047  5.232 -100.00 -100.00 -100.00
 169    42.780 56325.07501616 13.01  89.818924  60.802946  5.429 -100.00 -100.00 -100.00
 169    42.932 56325.07501675 13.23  89.823320  60.804463  6.218 -100.00 -100.00 -100.00
 169    42.697 56325.07501734 13.40  89.827715  60.805979  6.751 -100.00 -100.00 -100.00
 169    42.293 56325.07501793 14.37  89.832111  60.807496  8.364 -100.00 -100.00 -100.00
 169    42.398 56325.07501852 14.97  89.836508  60.809012  9.252 -100.00 -100.00 -100.00
 170    43.113 56334.99065585 12.69  89.815747  60.803217  4.819 -100.00 -100.00 -100.00
 170    42.347 56334.99065644 13.54  89.820142  60.804734  6.239 -100.00 -100.00 -100.00
 170    42.622 56334.99065703 13.59  89.824537  60.806250  7.384 -100.00 -100.00 -100.00
 170    42.288 56334.99065762 15.86  89.828932  60.807767 10.429 -100.00 -100.00 -100.00
 170    42.714 56334.99065821 12.55  89.833329  60.809283  5.771 -100.00 -100.00 -100.00
 171    43.044 56344.90629523 12.71  89.819525  60.803695  5.185 -100.00 -100.00 -100.00
 171    42.720 56344.90629582 13.61  89.823920  60.805212  6.601 -100.00 -100.00 -100.00
 171    42.579 56344.90629642 13.97  89.828315  60.806728  6.333 -100.00 -100.00 -100.00
 171    42.717 56344.90629701 12.66  89.832711  60.808245  5.339 -100.00 -100.00 -100.00
 171    42.518 56344.90629760 13.30  89.837107  60.809761  7.247 -100.00 -100.00 -100.00
 172    47.358 56354.82193187 11.44  89.821832  60.801951  4.346 -100.00 -100.00 -100.00
 172    54.844 56354.82193246 11.28  89.826226  60.803467  4.902 -100.00 -100.00 -100.00
 172    52.955 56354.82193305 11.16  89.830621  60.804984  4.090 -100.00 -100.00 -100.00
 172    53.567 56354.82193365 11.08  89.835016  60.806500  3.947 -100.00 -100.00 -100.00
 172    52.586 56354.82193424 11.25  89.839412  60.808017  4.931 -100.00 -100.00 -100.00
 173    42.210 56364.73757670 19.55  89.822591  60.801041 15.983 -100.00 -100.00 -100.00
 173    42.381 56364.73757729 16.82  89.826985  60.802558 10.369 -100.00 -100.00 -100.00
 173    42.560 56364.73757788 14.66  89.831380  60.804074  8.257 -100.00 -100.00 -100.00
 173    41.844 56364.73757847 19.71  89.835775  60.805591 16.305 -100.00 -100.00 -100.00
 173    42.129 56364.73757906 16.78  89.840170  60.807107 10.687 -100.00 -100.00 -100.00
 174    55.581 56374.65322531 11.56  89.819976  60.801396  4.112 -100.00 -100.00 -100.00
 174    54.573 56374.65322590 12.16  89.824370  60.802912  5.613 -100.00 -100.00 -100.00
 174    53.405 56374.65322649 11.93  89.828765  60.804429  5.807 -100.00 -100.00 -100.00
 174    53.845 56374.65322708 11.38  89.833160  60.805945  4.714 -100.00 -100.00 -100.00
 174    42.521 56374.65322767 13.54  89.837555  60.807461  8.013 -100.00 -100.00 -100.00
 176    47.580 56394.48451521 11.44  89.814839  60.805093  6.578 -100.00 -100.00 -100.00
 176    49.562 56394.48451580 10.19  89.819234  60.806610  5.737 -100.00 -100.00 -100.00
 176    46.545 56394.48451639 10.02  89.823629  60.808126  4.713 -100.00 -100.00 -100.00
 176    53.064 56394.48451698  9.26  89.828024  60.809642  3.885 -100.00 -100.00 -100.00
 177    49.327 56404.40015737 24.69  89.815286  60.805710 29.036 -100.00 -100.00 -100.00
 177    41.845 56404.40015796 22.09  89.819681  60.807226 17.557 -100.00 -100.00 -100.00
 177    42.168 56404.40015855 21.03  89.824076  60.808743 16.516 -100.00 -100.00 -100.00
 177    42.240 56404.40015914 23.15  89.828472  60.810260 23.556 -100.00 -100.00 -100.00
 178    46.425 56414.31579638 33.00  89.816440  60.804852 20.060 -100.00 -100.00 -100.00
 178    47.398 56414.31579698 32.12  89.820834  60.806369 18.065 -100.00 -100.00 -100.00
 178    44.795 56414.31579757 32.03  89.825230  60.807886 18.544 -100.00 -100.00 -100.00
 178    44.513 56414.31579816 37.82  89.829625  60.809402   -100 -100.00 -100.00 -100.00
 179    42.331 56424.23143061 50.96  89.819879  60.803402   -100 -100.00 -100.00 -100.00
 179    42.385 56424.23143120 51.48  89.824273  60.804919   -100 -100.00 -100.00 -100.00
 179    42.381 56424.23143179 51.50  89.828668  60.806435   -100 -100.00 -100.00 -100.00
 179    42.372 56424.23143238 52.20  89.833064  60.807952   -100 -100.00 -100.00 -100.00
 179    42.254 56424.23143297 52.64  89.837460  60.809468   -100 -100.00 -100.00 -100.00
 180    40.838 56434.14707644 46.03  89.820793  60.803748 31.220 -100.00 -100.00 -100.00
 180    40.401 56434.14707703 52.11  89.825188  60.805264  7.125 -100.00 -100.00 -100.00
 180    40.460 56434.14707762 54.14  89.829583  60.806781 15.069 -100.00 -100.00 -100.00
 180    40.614 56434.14707821 54.46  89.833979  60.808297   -100 -100.00 -100.00 -100.00
 181    41.118 56444.06272803 40.68  89.814973  60.803767 14.742 -100.00 -100.00 -100.00
 181    40.045 56444.06272862 46.24  89.819368  60.805284   -100 -100.00 -100.00 -100.00
 181    39.970 56444.06272921 53.60  89.823763  60.806800  4.351 -100.00 -100.00 -100.00
 181    40.020 56444.06272980 53.32  89.828158  60.808317   -100 -100.00 -100.00 -100.00
 181    39.930 56444.06273039 53.90  89.832554  60.809833   -100 -100.00 -100.00 -100.00
 182    40.613 56453.97837749 40.80  89.812469  60.804784 18.336 -100.00 -100.00 -100.00
 182    40.113 56453.97837808 47.07  89.816864  60.806301   -100 -100.00 -100.00 -100.00
 182    39.836 56453.97837867 52.11  89.821259  60.807818   -100 -100.00 -100.00 -100.00
 182    39.987 56453.97837926 53.82  89.825654  60.809334   -100 -100.00 -100.00 -100.00
 182    39.871 56453.97837985 53.89  89.830050  60.810850  8.409 -100.00 -100.00 -100.00
 183    39.333 56463.89402420 39.91  89.812641  60.804399 23.041 -100.00 -100.00 -100.00
 183    40.011 56463.89402479 43.72  89.817036  60.805915 24.555 -100.00 -100.00 -100.00
 183    39.424 56463.89402538 53.71  89.821431  60.807432  6.031 -100.00 -100.00 -100.00
 183    39.332 56463.89402597 54.16  89.825826  60.808948 13.554 -100.00 -100.00 -100.00
 183    39.632 56463.89402656 54.86  89.830222  60.810465   -100 -100.00 -100.00 -100.00
 184    39.808 56473.80966798 40.93  89.818496  60.803917 21.206 -100.00 -100.00 -100.00
 184    38.890 56473.80966857 53.07  89.822891  60.805433  4.887 -100.00 -100.00 -100.00
 184    38.943 56473.80966916 56.12  89.827286  60.806950 19.465 -100.00 -100.00 -100.00
 184    39.062 56473.80966975 54.00  89.831681  60.808466   -100 -100.00 -100.00 -100.00
 184    39.062 56473.80967034 50.04  89.836077  60.809982   -100 -100.00 -100.00 -100.00
 185    38.680 56483.72530795 30.72  89.821612  60.801882  6.957 -100.00 -100.00 -100.00
 185    38.496 56483.72530854 31.96  89.826006  60.803398  9.320 -100.00 -100.00 -100.00
 185    38.520 56483.72530913 33.28  89.830401  60.804914 13.596 -100.00 -100.00 -100.00
 185    38.577 56483.72530972 32.84  89.834796  60.806430 12.121 -100.00 -100.00 -100.00
 185    39.094 56483.72531031 32.98  89.839191  60.807946 10.871 -100.00 -100.00 -100.00
 187    38.259 56503.55657900 30.79  89.820471  60.801333 11.578 -100.00 -100.00 -100.00
 187    38.149 56503.55657959 29.36  89.824865  60.802850  8.373 -100.00 -100.00 -100.00
 187    38.078 56503.55658018 30.98  89.829259  60.804366 10.898 -100.00 -100.00 -100.00
 187    37.961 56503.55658077 31.01  89.833654  60.805882 11.510 -100.00 -100.00 -100.00
 187    38.103 56503.55658136 31.97  89.838049  60.807398 13.509 -100.00 -100.00 -100.00
 188    38.266 56513.47221211 34.12  89.820542  60.802271 20.063 -100.00 -100.00 -100.00
 188    38.278 56513.47221270 32.30  89.824935  60.803788 16.338 -100.00 -100.00 -100.00
 188    38.239 56513.47221329 36.52  89.829330  60.805304 31.702 -100.00 -100.00 -100.00
 188    38.484 56513.47221388 40.12  89.833725  60.806821   -100 -100.00 -100.00 -100.00
 188    38.407 56513.47221447 40.19  89.838120  60.808337   -100 -100.00 -100.00 -100.00
 189    37.984 56523.38786203 31.15  89.820159  60.803031 15.105 -100.00 -100.00 -100.00
 189    38.020 56523.38786262 33.24  89.824553  60.804547 21.460 -100.00 -100.00 -100.00
 189    38.086 56523.38786321 31.67  89.828948  60.806064 16.347 -100.00 -100.00 -100.00
 189    38.284 56523.38786380 33.58  89.833343  60.807580 20.175 -100.00 -100.00 -100.00
 189    38.337 56523.38786439 35.89  89.837738  60.809097 30.524 -100.00 -100.00 -100.00
 190    39.295 56533.30351419 24.35  89.821463  60.802749 16.406 -100.00 -100.00 -100.00
 190    38.711 56533.30351478 24.08  89.825858  60.804266 13.245 -100.00 -100.00 -100.00
 190    38.349 56533.30351537 26.09  89.830253  60.805783 18.644 -100.00 -100.00 -100.00
 190    38.518 56533.30351596 27.70  89.834648  60.807299 26.469 -100.00 -100.00 -100.00
 190    38.621 56533.30351655 30.34  89.839044  60.808815   -100 -100.00 -100.00 -100.00
 192    38.229 56553.13480722 35.64  89.821315  60.802228 18.033 -100.00 -100.00 -100.00
 192    38.257 56553.13480781 33.86  89.825710  60.803744 15.968 -100.00 -100.00 -100.00
 192    37.996 56553.13480840 34.66  89.830105  60.805261 17.914 -100.00 -100.00 -100.00
 192    38.225 56553.13480899 32.93  89.834501  60.806777 13.811 -100.00 -100.00 -100.00
 192    38.303 56553.13480958 33.25  89.838897  60.808293 13.260 -100.00 -100.00 -100.00
 193    55.657 56563.05044989 23.31  89.818627  60.803900  6.387 -100.00 -100.00 -100.00
 193    53.648 56563.05045048 24.24  89.823022  60.805417  8.308 -100.00 -100.00 -100.00
 193    44.757 56563.05045107 26.46  89.827417  60.806933 12.601 -100.00 -100.00 -100.00
 193    46.604 56563.05045166 27.89  89.831813  60.808449 13.921 -100.00 -100.00 -100.00
 193    42.402 56563.05045225 28.31  89.836209  60.809966 15.571 -100.00 -100.00 -100.00
 194    38.135 56572.96609086 37.76  89.812920  60.804517 15.532 -100.00 -100.00 -100.00
 194    38.608 56572.96609145 43.96  89.817315  60.806034 26.841 -100.00 -100.00 -100.00
 194    38.158 56572.96609204 54.11  89.821710  60.807551 14.987 -100.00 -100.00 -100.00
 194    38.443 56572.96609263 53.01  89.826105  60.809067   -100 -100.00 -100.00 -100.00
 194    38.205 56572.96609322 54.99  89.830501  60.810584   -100 -100.00 -100.00 -100.00
 195    40.855 56582.88172995 26.32  89.811329  60.804446 12.876 -100.00 -100.00 -100.00
 195    46.592 56582.88173054 23.12  89.815723  60.805963  8.071 -100.00 -100.00 -100.00
 195    43.291 56582.88173113 23.81  89.820118  60.807480  9.716 -100.00 -100.00 -100.00
 195    43.326 56582.88173172 25.11  89.824513  60.808996 12.648 -100.00 -100.00 -100.00
 195    38.957 56582.88173231 26.49  89.828909  60.810513 16.798 -100.00 -100.00 -100.00
 196    37.601 56592.79736499 35.32  89.815812  60.803371 32.271 -100.00 -100.00 -100.00
 196    37.804 56592.79736558 38.99  89.820206  60.804888   -100 -100.00 -100.00 -100.00
 196    37.525 56592.79736617 44.16  89.824600  60.806405 18.034 -100.00 -100.00 -100.00
 196    37.433 56592.79736676 47.10  89.828995  60.807921 28.422 -100.00 -100.00 -100.00
 196    37.748 56592.79736735 39.63  89.833390  60.809438   -100 -100.00 -100.00 -100.00
 197    38.413 56602.71301648 39.98  89.817777  60.803004   -100 -100.00 -100.00 -100.00
 197    38.356 56602.71301707 39.31  89.822171  60.804520   -100 -100.00 -100.00 -100.00
 197    38.345 56602.71301766 41.10  89.826565  60.806037   -100 -100.00 -100.00 -100.00
 197    38.420 56602.71301825 44.10  89.830960  60.807553   -100 -100.00 -100.00 -100.00
 197    38.516 56602.71301884 45.23  89.835356  60.809070   -100 -100.00 -100.00 -100.00
 198    37.494 56612.62866595 32.97  89.819624  60.803702   -100 -100.00 -100.00 -100.00
 198    37.216 56612.62866655 33.49  89.824018  60.805218   -100 -100.00 -100.00 -100.00
 198    37.273 56612.62866714 30.85  89.828413  60.806735   -100 -100.00 -100.00 -100.00
 198    37.704 56612.62866773 29.50  89.832809  60.808251 21.885 -100.00 -100.00 -100.00
 198    37.556 56612.62866832 28.77  89.837204  60.809767 26.182 -100.00 -100.00 -100.00
 199    38.115 56622.54431073 39.95  89.816785  60.804045 22.151 -100.00 -100.00 -100.00
 199    37.580 56622.54431132 42.10  89.821180  60.805562   -100 -100.00 -100.00 -100.00
 199    37.339 56622.54431191 49.15  89.825575  60.807078 17.078 -100.00 -100.00 -100.00
 199    37.519 56622.54431250 46.58  89.829970  60.808595   -100 -100.00 -100.00 -100.00
 199    37.290 56622.54431309 43.45  89.834366  60.810111   -100 -100.00 -100.00 -100.00
 200    38.352 56632.45995260 37.20  89.813982  60.804070 22.456 -100.00 -100.00 -100.00
 200    37.686 56632.45995319 38.78  89.818376  60.805586   -100 -100.00 -100.00 -100.00
 200    37.588 56632.45995378 33.69  89.822771  60.807103 26.360 -100.00 -100.00 -100.00
 200    37.696 56632.45995437 36.62  89.827167  60.808620   -100 -100.00 -100.00 -100.00
 200    37.922 56632.45995496 38.95  89.831562  60.810136   -100 -100.00 -100.00 -100.00
 201    37.933 56642.37559037 40.06  89.815056  60.803277 20.589 -100.00 -100.00 -100.00
 201    37.537 56642.37559096 42.17  89.819450  60.804794 26.716 -100.00 -100.00 -100.00
 201    37.226 56642.37559155 47.50  89.823845  60.806311  1.990 -100.00 -100.00 -100.00
 201    37.334 56642.37559214 49.94  89.828240  60.807828   -100 -100.00 -100.00 -100.00
 201    37.036 56642.37559273 50.13  89.832636  60.809344 29.523 -100.00 -100.00 -100.00
 202    41.079 56652.29124059 22.33  89.819505  60.802895 17.730 -100.00 -100.00 -100.00
 202    41.113 56652.29124118 24.14  89.823900  60.804411 20.761 -100.00 -100.00 -100.00
 202    41.032 56652.29124177 24.18  89.828296  60.805928 23.541 -100.00 -100.00 -100.00
 202    40.953 56652.29124236 23.47  89.832692  60.807445 21.154 -100.00 -100.00 -100.00
 202    41.018 56652.29124295 22.00  89.837088  60.808961 15.545 -100.00 -100.00 -100.00
 203    55.989 56662.20689035 16.76  89.821235  60.801778  6.537 -100.00 -100.00 -100.00
 203    43.787 56662.20689094 17.10  89.825631  60.803294  7.094 -100.00 -100.00 -100.00
 203    54.704 56662.20689153 16.93  89.830026  60.804811  6.893 -100.00 -100.00 -100.00
 203    43.733 56662.20689212 17.15  89.834422  60.806327  6.542 -100.00 -100.00 -100.00
 203    52.895 56662.20689271 16.81  89.838818  60.807844  7.154 -100.00 -100.00 -100.00
 204    44.069 56672.12253721 27.27  89.822321  60.802061 20.592 -100.00 -100.00 -100.00
 204    44.050 56672.12253780 25.68  89.826717  60.803578 18.322 -100.00 -100.00 -100.00
 204    43.709 56672.12253839 30.43  89.831113  60.805094   -100 -100.00 -100.00 -100.00
 204    44.103 56672.12253898 28.74  89.835509  60.806611 30.708 -100.00 -100.00 -100.00
 204    44.201 56672.12253957 33.46  89.839905  60.808127   -100 -100.00 -100.00 -100.00
 205    43.369 56682.03818220 20.18  89.820283  60.803683 14.247 -100.00 -100.00 -100.00
 205    43.366 56682.03818279 18.57  89.824678  60.805199 10.394 -100.00 -100.00 -100.00
 205    43.289 56682.03818338 19.84  89.829074  60.806716 12.522 -100.00 -100.00 -100.00
 205    43.596 56682.03818397 19.65  89.833470  60.808232 13.891 -100.00 -100.00 -100.00
 205    43.467 56682.03818456 18.41  89.837867  60.809748 10.425 -100.00 -100.00 -100.00
 206    55.045 56691.95382495 17.83  89.817617  60.804554  9.984 -100.00 -100.00 -100.00
 206    42.604 56691.95382554 19.22  89.822012  60.806071 13.455 -100.00 -100.00 -100.00
 206    53.994 56691.95382613 16.08  89.826408  60.807587  7.489 -100.00 -100.00 -100.00
 206    53.534 56691.95382672 15.75  89.830804  60.809104  7.199 -100.00 -100.00 -100.00
 207    55.078 56701.86946388 15.19  89.817664  60.804267  7.284 -100.00 -100.00 -100.00
 207    54.656 56701.86946447 14.67  89.822059  60.805784  5.848 -100.00 -100.00 -100.00
 207    53.693 56701.86946506 16.19  89.826454  60.807301  9.029 -100.00 -100.00 -100.00
 207    43.201 56701.86946565 16.20  89.830850  60.808817  8.973 -100.00 -100.00 -100.00
 207    52.816 56701.86946624 13.59  89.835246  60.810333  5.486 -100.00 -100.00 -100.00
 208    56.035 56711.78509762 12.87  89.818237  60.801653  4.401 -100.00 -100.00 -100.00
 208    55.605 56711.78509821 13.10  89.822631  60.803170  4.773 -100.00 -100.00 -100.00
 208    55.029 56711.78509880 13.44  89.827026  60.804687  5.860 -100.00 -100.00 -100.00
 208    53.996 56711.78509940 13.27  89.831421  60.806204  5.295 -100.00 -100.00 -100.00
 208    53.301 56711.78509999 13.94  89.835816  60.807720  6.653 -100.00 -100.00 -100.00
 210    47.533 56731.61639462 13.34  89.820006  60.802846  4.371 -100.00 -100.00 -100.00
 210    46.710 56731.61639521 13.73  89.824401  60.804363  5.227 -100.00 -100.00 -100.00
 210    44.635 56731.61639580 13.77  89.828796  60.805879  4.739 -100.00 -100.00 -100.00
 210    53.277 56731.61639639 12.86  89.833191  60.807395  4.511 -100.00 -100.00 -100.00
 210    52.522 56731.61639698 12.84  89.837587  60.808911  4.906 -100.00 -100.00 -100.00
 211    54.902 56741.53204212 13.56  89.814341  60.803986  6.043 -100.00 -100.00 -100.00
 211    54.910 56741.53204271 14.02  89.818736  60.805503  6.027 -100.00 -100.00 -100.00
 211    45.950 56741.53204330 14.50  89.823131  60.807019  7.944 -100.00 -100.00 -100.00
 211    52.443 56741.53204389 13.98  89.827526  60.808535  7.070 -100.00 -100.00 -100.00
 211    52.694 56741.53204448 13.22  89.831922  60.810052  6.464 -100.00 -100.00 -100.00
 212    42.142 56751.44768565 23.63  89.811454  60.805408   -100 -100.00 -100.00 -100.00
 212    42.686 56751.44768624 20.68  89.815848  60.806925 22.625 -100.00 -100.00 -100.00
 212    42.812 56751.44768683 20.92  89.820243  60.808441 24.820 -100.00 -100.00 -100.00
 212    42.835 56751.44768742 24.29  89.824639  60.809958   -100 -100.00 -100.00 -100.00
 212    43.077 56751.44768801 20.47  89.829035  60.811474 25.905 -100.00 -100.00 -100.00
 213    42.726 56761.36332427 29.23  89.812261  60.805587   -100 -100.00 -100.00 -100.00
 213    43.042 56761.36332486 26.99  89.816656  60.807104 26.175 -100.00 -100.00 -100.00
 213    43.396 56761.36332545 27.00  89.821051  60.808620 27.735 -100.00 -100.00 -100.00
 213    43.545 56761.36332604 25.60  89.825446  60.810137 22.192 -100.00 -100.00 -100.00
 214    45.049 56771.27895597 31.97  89.814124  60.803465 15.868 -100.00 -100.00 -100.00
 214    45.060 56771.27895656 29.80  89.818518  60.804982 11.888 -100.00 -100.00 -100.00
 214    44.952 56771.27895715 32.75  89.822913  60.806499 19.444 -100.00 -100.00 -100.00
 214    44.995 56771.27895774 35.12  89.827308  60.808016 27.935 -100.00 -100.00 -100.00
 214    45.056 56771.27895834 36.12  89.831703  60.809533   -100 -100.00 -100.00 -100.00
 215    40.352 56781.19461107 46.33  89.815763  60.803565   -100 -100.00 -100.00 -100.00
 215    40.334 56781.19461166 46.73  89.820158  60.805082 32.547 -100.00 -100.00 -100.00
 215    40.340 56781.19461225 47.01  89.824553  60.806599   -100 -100.00 -100.00 -100.00
 215    40.516 56781.19461284 45.70  89.828949  60.808116 30.461 -100.00 -100.00 -100.00
 215    40.399 56781.19461343 47.61  89.833345  60.809632   -100 -100.00 -100.00 -100.00
 216    40.779 56791.11026589 45.18  89.816093  60.804134 25.932 -100.00 -100.00 -100.00
 216    40.559 56791.11026649 48.95  89.820488  60.805651   -100 -100.00 -100.00 -100.00
 216    40.458 56791.11026708 53.16  89.824883  60.807167  2.289 -100.00 -100.00 -100.00
 216    40.480 56791.11026767 54.17  89.829279  60.808684   -100 -100.00 -100.00 -100.00
 216    40.402 56791.11026826 54.77  89.833675  60.810200 12.666 -100.00 -100.00 -100.00
 217    39.669 56801.02591707 38.90  89.811359  60.804078   -100 -100.00 -100.00 -100.00
 217    39.844 56801.02591766 38.68  89.815754  60.805594   -100 -100.00 -100.00 -100.00
 217    39.468 56801.02591825 38.07  89.820149  60.807111   -100 -100.00 -100.00 -100.00
 217    39.510 56801.02591884 34.42  89.824544  60.808627 23.446 -100.00 -100.00 -100.00
 217    39.636 56801.02591943 31.60  89.828940  60.810144 14.307 -100.00 -100.00 -100.00
 218    40.452 56810.94156181 42.04  89.811912  60.805252 17.431 -100.00 -100.00 -100.00
 218    39.746 56810.94156240 47.26  89.816307  60.806769   -100 -100.00 -100.00 -100.00
 218    39.588 56810.94156299 53.15  89.820702  60.808285  1.410 -100.00 -100.00 -100.00
 218    39.681 56810.94156358 53.14  89.825098  60.809802   -100 -100.00 -100.00 -100.00
 218    39.540 56810.94156417 50.25  89.829494  60.811318   -100 -100.00 -100.00 -100.00
 219    40.030 56820.85720188 40.93  89.813731  60.805124 22.982 -100.00 -100.00 -100.00
 219    39.659 56820.85720247 47.07  89.818126  60.806641   -100 -100.00 -100.00 -100.00
 219    39.651 56820.85720306 46.73  89.822521  60.808157   -100 -100.00 -100.00 -100.00
 219    39.656 56820.85720365 49.59  89.826916  60.809673   -100 -100.00 -100.00 -100.00
 221    38.475 56840.68847051 37.42  89.820775  60.801113 25.000 -100.00 -100.00 -100.00
 221    39.125 56840.68847110 42.11  89.825169  60.802629 22.979 -100.00 -100.00 -100.00
 221    38.315 56840.68847169 53.26  89.829564  60.804145 19.492 -100.00 -100.00 -100.00
 221    38.636 56840.68847228 52.35  89.833958  60.805662   -100 -100.00 -100.00 -100.00
 221    38.264 56840.68847287 49.99  89.838353  60.807178 24.323 -100.00 -100.00 -100.00
 222    38.620 56850.60410674 44.22  89.825878  60.801405 29.641 -100.00 -100.00 -100.00
 222    38.291 56850.60410733 42.71  89.830272  60.802921   -100 -100.00 -100.00 -100.00
 222    38.348 56850.60410792 39.67  89.834666  60.804437 25.815 -100.00 -100.00 -100.00
 222    38.399 56850.60410851 45.64  89.839061  60.805953   -100 -100.00 -100.00 -100.00
 222    38.456 56850.60410910 46.51  89.843456  60.807469   -100 -100.00 -100.00 -100.00
 223    38.141 56860.51976069 31.79  89.818976  60.801784 18.387 -100.00 -100.00 -100.00
 223    37.940 56860.51976128 31.03  89.823370  60.803301 16.989 -100.00 -100.00 -100.00
 223    38.077 56860.51976187 31.41  89.827764  60.804817 15.821 -100.00 -100.00 -100.00
 223    38.005 56860.51976246 33.32  89.832159  60.806333 23.471 -100.00 -100.00 -100.00
 223    37.987 56860.51976305 33.99  89.836555  60.807849 25.272 -100.00 -100.00 -100.00
 224    39.863 56870.43541468 23.84  89.817512  60.804238 17.048 -100.00 -100.00 -100.00
 224    54.912 56870.43541527 22.54  89.821906  60.805755 12.915 -100.00 -100.00 -100.00
 224    38.522 56870.43541586 23.97  89.826301  60.807271 17.869 -100.00 -100.00 -100.00
 224    38.507 56870.43541645 26.85  89.830697  60.808788 26.064 -100.00 -100.00 -100.00
 224    38.675 56870.43541704 28.71  89.835092  60.810304   -100 -100.00 -100.00 -100.00
 225    39.794 56880.35106580 23.79  89.816256  60.805041 17.284 -100.00 -100.00 -100.00
 225    39.086 56880.35106639 23.39  89.820651  60.806558 17.971 -100.00 -100.00 -100.00
 225    38.751 56880.35106698 23.86  89.825046  60.808074 17.507 -100.00 -100.00 -100.00
 225    38.806 56880.35106757 25.55  89.829441  60.809590 21.567 -100.00 -100.00 -100.00
 226    39.878 56890.26671324 24.60  89.816457  60.804603 14.127 -100.00 -100.00 -100.00
 226    54.919 56890.26671383 21.57  89.820852  60.806120  9.306 -100.00 -100.00 -100.00
 226    38.715 56890.26671442 23.80  89.825247  60.807636 15.428 -100.00 -100.00 -100.00
 226    38.782 56890.26671501 25.68  89.829643  60.809153 18.731 -100.00 -100.00 -100.00
 227    40.524 56900.18235746 24.22  89.814328  60.803024 14.346 -100.00 -100.00 -100.00
 227    39.588 56900.18235805 23.72  89.818723  60.804540 16.344 -100.00 -100.00 -100.00
 227    38.967 56900.18235864 23.53  89.823118  60.806057 16.646 -100.00 -100.00 -100.00
 227    38.686 56900.18235923 22.95  89.827514  60.807573 15.070 -100.00 -100.00 -100.00
 227    38.679 56900.18235982 25.43  89.831910  60.809089 20.602 -100.00 -100.00 -100.00
 228    38.327 56910.09800016 32.54  89.815533  60.804305 30.401 -100.00 -100.00 -100.00
 228    39.034 56910.09800075 25.62  89.819928  60.805822 14.396 -100.00 -100.00 -100.00
 228    38.493 56910.09800134 25.01  89.824323  60.807338 12.448 -100.00 -100.00 -100.00
 228    38.648 56910.09800193 26.13  89.828719  60.808854 14.989 -100.00 -100.00 -100.00
 228    38.806 56910.09800252 28.97  89.833116  60.810371 22.336 -100.00 -100.00 -100.00
 229    39.741 56920.01364091 27.22  89.814452  60.805502 19.142 -100.00 -100.00 -100.00
 229    54.975 56920.01364150 22.91  89.818847  60.807019  9.031 -100.00 -100.00 -100.00
 229    46.586 56920.01364209 24.11  89.823242  60.808535 12.715 -100.00 -100.00 -100.00
 229    43.784 56920.01364268 24.82  89.827638  60.810051 11.950 -100.00 -100.00 -100.00
 230    39.191 56929.92927940 41.11  89.813112  60.806064 17.014 -100.00 -100.00 -100.00
 230    38.292 56929.92927999 53.25  89.817507  60.807581   -100 -100.00 -100.00 -100.00
 230    38.420 56929.92928058 52.27  89.821902  60.809097  1.219 -100.00 -100.00 -100.00
 230    38.418 56929.92928117 54.41  89.826298  60.810614   -100 -100.00 -100.00 -100.00
 231    38.630 56939.84491305 38.07  89.813249  60.804997 22.491 -100.00 -100.00 -100.00
 231    38.203 56939.84491364 44.92  89.817643  60.806514   -100 -100.00 -100.00 -100.00
 231    38.204 56939.84491423 45.80  89.822038  60.808031   -100 -100.00 -100.00 -100.00
 231    38.211 56939.84491482 49.91  89.826433  60.809547   -100 -100.00 -100.00 -100.00
 231    38.330 56939.84491541 46.77  89.830828  60.811064   -100 -100.00 -100.00 -100.00
 232    38.400 56949.76055012 38.24  89.814567  60.803343 25.945 -100.00 -100.00 -100.00
 232    38.507 56949.76055071 41.27  89.818961  60.804860 20.146 -100.00 -100.00 -100.00
 232    37.989 56949.76055130 52.38  89.823355  60.806377 24.958 -100.00 -100.00 -100.00
 232    38.194 56949.76055189 51.72  89.827750  60.807894   -100 -100.00 -100.00 -100.00
 232    38.029 56949.76055248 52.35  89.832145  60.809410   -100 -100.00 -100.00 -100.00
 233    37.120 56959.67620258 40.34  89.816916  60.803672 30.876 -100.00 -100.00 -100.00
 233    37.406 56959.67620317 43.37  89.821310  60.805188   -100 -100.00 -100.00 -100.00
 233    37.178 56959.67620376 48.04  89.825705  60.806705  7.205 -100.00 -100.00 -100.00
 233    37.231 56959.67620435 47.00  89.830099  60.808221   -100 -100.00 -100.00 -100.00
 233    37.094 56959.67620494 43.81  89.834495  60.809737  0.008 -100.00 -100.00 -100.00
 234    37.672 56969.59184971 38.17  89.816448  60.803537 28.349 -100.00 -100.00 -100.00
 234    37.842 56969.59185031 40.14  89.820842  60.805054 31.238 -100.00 -100.00 -100.00
 234    37.582 56969.59185090 44.56  89.825237  60.806570   -100 -100.00 -100.00 -100.00
 234    37.670 56969.59185149 47.73  89.829632  60.808087   -100 -100.00 -100.00 -100.00
 234    37.280 56969.59185208 48.65  89.834027  60.809603 24.100 -100.00 -100.00 -100.00
 235    37.204 56979.50749303 36.48  89.816050  60.803575 30.166 -100.00 -100.00 -100.00
 235    37.321 56979.50749362 38.80  89.820445  60.805092   -100 -100.00 -100.00 -100.00
 235    37.109 56979.50749421 42.57  89.824840  60.806608   -100 -100.00 -100.00 -100.00
 235    37.119 56979.50749480 44.07  89.829235  60.808124   -100 -100.00 -100.00 -100.00
 235    36.946 56979.50749539 40.21  89.833631  60.809641   -100 -100.00 -100.00 -100.00
 236    41.032 56989.42313201 18.55  89.816485  60.803387 10.073 -100.00 -100.00 -100.00
 236    42.511 56989.42313260 16.66  89.820879  60.804904  6.724 -100.00 -100.00 -100.00
 236    42.206 56989.42313319 18.21  89.825274  60.806420  8.923 -100.00 -100.00 -100.00
 236    42.574 56989.42313378 18.94  89.829670  60.807937 10.118 -100.00 -100.00 -100.00
 236    40.653 56989.42313437 19.77  89.834065  60.809453 12.130 -100.00 -100.00 -100.00
 237    42.300 56999.33876513 15.56  89.821613  60.803145  6.521 -100.00 -100.00 -100.00
 237    42.386 56999.33876572 16.02  89.826008  60.804662  7.573 -100.00 -100.00 -100.00
 237    40.991 56999.33876631 17.39  89.830403  60.806179  9.614 -100.00 -100.00 -100.00
 237    40.910 56999.33876690 17.47  89.834798  60.807695  9.334 -100.00 -100.00 -100.00
 237    41.149 56999.33876749 17.36  89.839194  60.809212  8.653 -100.00 -100.00 -100.00
 238    41.791 57009.25441724 18.09  89.819815  60.802213  9.555 -100.00 -100.00 -100.00
 238    41.899 57009.25441783 17.23  89.824210  60.803729  8.601 -100.00 -100.00 -100.00
 238    41.908 57009.25441842 17.61  89.828605  60.805246  9.834 -100.00 -100.00 -100.00
 238    42.447 57009.25441901 18.41  89.833000  60.806763 10.482 -100.00 -100.00 -100.00
 238    41.455 57009.25441960 18.67  89.837396  60.808279 11.679 -100.00 -100.00 -100.00
 239    55.433 57019.17006995 18.94  89.820659  60.802221 10.435 -100.00 -100.00 -100.00
 239    41.143 57019.17007054 21.42  89.825054  60.803738 15.977 -100.00 -100.00 -100.00
 239    41.108 57019.17007113 21.47  89.829449  60.805254 16.174 -100.00 -100.00 -100.00
 239    41.313 57019.17007172 19.93  89.833845  60.806771 11.658 -100.00 -100.00 -100.00
 239    41.512 57019.17007231 20.16  89.838241  60.808287 13.427 -100.00 -100.00 -100.00
 240    55.709 57029.08571935 15.52  89.819716  60.802451  6.850 -100.00 -100.00 -100.00
 240    41.073 57029.08571994 16.90  89.824111  60.803967  7.702 -100.00 -100.00 -100.00
 240    41.049 57029.08572053 17.89  89.828506  60.805484 12.402 -100.00 -100.00 -100.00
 240    40.934 57029.08572112 17.60  89.832902  60.807000 11.001 -100.00 -100.00 -100.00
 240    41.084 57029.08572171 17.16  89.837299  60.808516 10.587 -100.00 -100.00 -100.00
 241    41.712 57039.00136722 17.74  89.819750  60.803838  9.602 -100.00 -100.00 -100.00
 241    42.319 57039.00136781 16.46  89.824145  60.805354  7.618 -100.00 -100.00 -100.00
 241    41.110 57039.00136840 18.41  89.828540  60.806871 11.721 -100.00 -100.00 -100.00
 241    41.149 57039.00136899 18.72  89.832937  60.808387 13.045 -100.00 -100.00 -100.00
 241    41.392 57039.00136958 16.77  89.837333  60.809903  8.632 -100.00 -100.00 -100.00
 242    42.089 57048.91701208 15.21  89.815222  60.803433  7.982 -100.00 -100.00 -100.00
 242    42.654 57048.91701267 16.04  89.819616  60.804950  9.878 -100.00 -100.00 -100.00
 242    43.053 57048.91701326 14.49  89.824012  60.806466  7.871 -100.00 -100.00 -100.00
 242    43.106 57048.91701385 15.30  89.828407  60.807983  9.364 -100.00 -100.00 -100.00
 242    52.812 57048.91701444 14.11  89.832803  60.809499  7.466 -100.00 -100.00 -100.00
 243    40.638 57058.83265337 20.71  89.814660  60.803049 15.178 -100.00 -100.00 -100.00
 243    40.651 57058.83265396 21.39  89.819054  60.804566 17.632 -100.00 -100.00 -100.00
 243    40.630 57058.83265455 19.70  89.823449  60.806083 13.593 -100.00 -100.00 -100.00
 243    40.209 57058.83265514 21.77  89.827844  60.807599 19.921 -100.00 -100.00 -100.00
 243    40.476 57058.83265573 20.36  89.832240  60.809116 15.647 -100.00 -100.00 -100.00
 244    40.854 57068.74828944 21.00  89.818426  60.803003 14.176 -100.00 -100.00 -100.00
 244    40.690 57068.74829003 22.45  89.822820  60.804520 17.353 -100.00 -100.00 -100.00
 244    40.532 57068.74829062 23.72  89.827215  60.806036 22.935 -100.00 -100.00 -100.00
 244    40.199 57068.74829121 23.74  89.831610  60.807553 23.793 -100.00 -100.00 -100.00
 244    40.246 57068.74829180 22.02  89.836006  60.809069 17.612 -100.00 -100.00 -100.00
 245    42.948 57078.66392084 14.39  89.818861  60.801996  7.168 -100.00 -100.00 -100.00
 245    54.900 57078.66392143 13.75  89.823255  60.803512  6.279 -100.00 -100.00 -100.00
 245    54.654 57078.66392202 13.85  89.827649  60.805029  6.122 -100.00 -100.00 -100.00
 245    54.058 57078.66392261 12.53  89.832044  60.806546  5.029 -100.00 -100.00 -100.00
 245    52.895 57078.66392320 12.72  89.836439  60.808062  5.840 -100.00 -100.00 -100.00
 246    41.272 57088.57955636 17.59  89.819486  60.802371  8.723 -100.00 -100.00 -100.00
 246    54.921 57088.57955695 17.58  89.823880  60.803888  8.213 -100.00 -100.00 -100.00
 246    40.969 57088.57955754 18.11  89.828275  60.805404 11.088 -100.00 -100.00 -100.00
 246    53.793 57088.57955813 16.31  89.832670  60.806921  6.615 -100.00 -100.00 -100.00
 246    40.977 57088.57955872 17.71  89.837065  60.808437  8.547 -100.00 -100.00 -100.00
 247    40.772 57098.49521460 20.08  89.814888  60.804028 11.129 -100.00 -100.00 -100.00
 247    40.699 57098.49521519 21.03  89.819282  60.805545 12.944 -100.00 -100.00 -100.00
 247    40.603 57098.49521578 21.33  89.823677  60.807062 13.720 -100.00 -100.00 -100.00
 247    40.563 57098.49521637 22.33  89.828073  60.808578 18.406 -100.00 -100.00 -100.00
 247    40.754 57098.49521696 22.91  89.832468  60.810095 19.726 -100.00 -100.00 -100.00
 248    55.185 57108.41087017 15.61  89.813285  60.805660  5.960 -100.00 -100.00 -100.00
 248    54.595 57108.41087076 15.30  89.817679  60.807177  5.462 -100.00 -100.00 -100.00
 248    53.677 57108.41087135 15.21  89.822075  60.808693  6.399 -100.00 -100.00 -100.00
 248    53.429 57108.41087194 15.22  89.826470  60.810210  5.500 -100.00 -100.00 -100.00
 249    48.792 57118.32652049 11.19  89.813125  60.805492  5.500 -100.00 -100.00 -100.00
 249    53.734 57118.32652108 10.02  89.817520  60.807009  4.026 -100.00 -100.00 -100.00
 249    46.821 57118.32652167 10.55  89.821915  60.808526  4.672 -100.00 -100.00 -100.00
 249    45.717 57118.32652226 10.09  89.826311  60.810043  3.860 -100.00 -100.00 -100.00
 250    40.970 57128.24216469 19.59  89.814179  60.804568 25.252 -100.00 -100.00 -100.00
 250    40.418 57128.24216528 19.12  89.818574  60.806085 23.854 -100.00 -100.00 -100.00
 250    40.930 57128.24216587 17.11  89.822969  60.807602 17.845 -100.00 -100.00 -100.00
 250    40.988 57128.24216646 17.42  89.827365  60.809118 18.784 -100.00 -100.00 -100.00
 250    41.166 57128.24216705 19.19  89.831761  60.810635 23.624 -100.00 -100.00 -100.00
