# NaN NaN NaN ;Mean Elev.(m), Avg Gradient(m/km), RMS Gradient(m/km) - SRTM1     
#  -18.289  -1.212   9.678 ;Mean Elev.(m), Avg Gradient(m/km), RMS Gradient(m/km) - ASTER GDEM
#   14.019  -0.164   2.985 ;Mean Elev.(m), Avg Gradient(m/km), RMS Gradient(m/km) - GMTED2010 
   1  87.342656  63.544567    35.625    38.452  4 54660.42451407 20.916
   2  87.347618  63.542702    32.445    31.448  5 54670.34016034 19.356
   3  87.348129  63.543197   -25.419   -25.294  5 54680.25580432  6.748
   4  87.349412  63.544351    35.672    38.889  6 54690.17144719 23.149
   5  87.349630  63.545417   -24.004   -23.995  6 54700.08708778  7.241
   6  87.347569  63.544876    30.304    32.261  5 54710.00273298 19.936
   7  87.345560  63.542880   -15.573   -15.523  6 54719.91838437  7.543
   8  87.344566  63.540520    27.816    29.027  6 54729.83403323 25.782
   9  87.343380  63.539716    29.845    31.397  5 54739.74968028 24.766
  10  87.344913  63.539654    19.517    15.205  5 54749.66532746 30.003
  11  87.344932  63.540300    18.916    18.399  5 54759.58097422 30.471
  12  87.345370  63.540359    38.524    38.532  6 54769.49661873 21.562
  13  87.342683  63.540394    14.044    13.984  5 54779.41225961 44.938
  14  87.342424  63.539681    15.061    15.106  5 54789.32789832 30.752
  15  87.343219  63.539735    19.963    19.406  5 54799.24353608 26.779
  17  87.345627  63.542964    38.561    38.468  6 54819.07481136 14.386
  18  87.347361  63.543044    39.232    39.373  5 54828.99046388 14.893
  19  87.345777  63.542953    35.870    38.336  6 54838.90610265 14.297
  20  87.345488  63.542585    33.568    33.198  6 54848.82175184 14.871
  21  87.345943  63.542731    31.764    33.421  5 54858.73740049 15.475
  22  87.347872  63.542895    20.932    21.102  5 54868.65304936 15.189
  23  87.346971  63.542738    20.937    21.150  6 54878.56869712 15.022
  24  87.345043  63.541790    21.282    21.303  5 54888.48434176 14.307
  25  87.343735  63.540026    30.841    37.153  5 54898.39998328 14.794
  26  87.345358  63.538706    20.954    20.851  5 54908.31562258 14.406
  27  87.344376  63.539550    35.362    38.232  5 54918.23126023 12.213
  28  87.343990  63.540852    16.805    16.873  5 54928.14689777 18.935
  29  87.344642  63.541261    40.349    40.345  5 54938.06253479 10.712
  30  87.345496  63.540982    17.930    17.950  5 54947.97817017 26.791
  31  87.344318  63.540904    20.355    20.351  5 54957.89380568 26.471
  32  87.345246  63.540257    26.741    26.729  5 54967.80945436 32.461
  33  87.343298  63.541203    23.760    23.762  5 54977.72510153 55.365
  34  87.344545  63.541711    36.917    35.182  5 54987.64074902 30.720
  35  87.347354  63.541556    25.218    21.514  5 54997.55639687 31.210
  36  87.346971  63.541843    17.297    17.140  6 55007.47204263 33.968
  37  87.345884  63.542369    17.050    16.892  6 55017.38768627 37.171
  38  87.346266  63.542965    30.488    31.150  6 55027.30332866 25.529
  39  87.348622  63.543525    25.045    22.100  5 55037.21897081 21.602
  40  87.347603  63.544435    24.689    26.419  5 55047.13461164 24.040
  41  87.348000  63.543828    19.859    19.400  6 55057.05025084 26.223
  42  87.345548  63.542616    20.251    21.292  5 55066.96588759 23.588
  43  87.345010  63.540313    15.157    15.384  6 55076.88153817 42.599
  44  87.344595  63.539476    14.943    15.428  5 55086.79718598 28.096
  45  87.344642  63.540049    14.992    15.234  6 55096.71283201 29.420
  46  87.345687  63.540632    15.021    15.080  6 55106.62847773 32.256
  47  87.344596  63.540570    15.131    15.143  6 55116.54412285 26.204
  48  87.344735  63.539234    28.934    27.953  5 55126.45976589 18.507
  49  87.344529  63.538311    13.922    13.862  5 55136.37540647 45.021
  50  87.344439  63.538747    15.409    15.268  5 55146.29104498 34.080
  51  87.345499  63.540486    19.923    21.183  5 55156.20668281 23.206
  52  87.346284  63.542164    19.526    19.169  6 55166.12232075 20.562
  53  87.347794  63.543049    20.182    19.985  5 55176.03795857 18.373
  54  87.346292  63.543167    20.931    20.935  5 55185.95360031 15.978
  55  87.347544  63.542209    20.877    20.851  5 55195.86925163 15.888
  56  87.345502  63.542857    20.630    21.021  5 55205.78490118 15.432
  57  87.346976  63.543607    20.117    19.877  6 55215.70055038 15.220
  58  87.346344  63.543917    20.241    20.490  5 55225.61619885 14.794
  59  87.347487  63.541967    19.773    19.521  5 55235.53184551 14.864
  60  87.345050  63.539757    20.329    20.688  5 55245.44748854 14.714
  61  87.342524  63.538150    20.100    19.852  5 55255.36312876 14.483
  62  87.342064  63.538548    20.634    20.950  5 55265.27876754 13.428
  63  87.345923  63.540019    19.136    19.256  5 55275.19440583 13.316
  64  87.346634  63.541749    31.722    31.202  6 55285.11004307 13.058
  65  87.345636  63.541868    26.747    21.535  5 55295.02567850 12.958
  66  87.343508  63.540437    30.679    31.244  5 55304.94131721 11.802
  67  87.341919  63.538901    15.880    15.858  5 55314.85696451 32.819
  68  87.343843  63.539109    28.172    28.164  5 55324.77261016 30.275
  69  87.344690  63.541156    23.049    23.087  6 55334.68825421 36.125
  70  87.346860  63.542491    38.196    43.923  6 55344.60389814 34.462
  71  87.346943  63.542639    36.789    38.840  5 55354.51954123 28.943
  72  87.347505  63.542034    43.047    43.977  5 55364.43518238 28.583
  73  87.346763  63.542120    37.905    40.471  6 55374.35082171 28.879
  74  87.347430  63.543173    16.469    16.527  6 55384.26645996 43.301
  75  87.348571  63.544435    34.992    39.034  5 55394.18209743 27.522
  76  87.347975  63.545466    33.006    31.440  6 55404.09773521 24.372
  77  87.347344  63.543517    15.087    14.897  6 55414.01338709 53.927
  78  87.345132  63.540739    15.701    15.858  6 55423.92903591 29.756
  79  87.343651  63.538509    27.448    27.372  5 55433.84468210 25.042
  80  87.342618  63.538675    35.397    32.822  5 55443.76032643 24.520
  81  87.344554  63.539976    15.032    14.946  6 55453.67596957 48.066
  82  87.344867  63.541912    36.088    38.657  6 55463.59161169 28.937
  83  87.345081  63.541839    15.501    15.539  5 55473.50725169 40.763
  84  87.346242  63.539909    39.792    38.797  5 55483.42288911 28.525
  85  87.343338  63.538924    35.949    38.102  6 55493.33852399 19.631
  86  87.343929  63.539858    13.911    13.849  5 55503.25415771 34.951
  87  87.345318  63.541788    13.951    14.003  5 55513.16980493 43.286
  88  87.347468  63.543372    14.407    14.384  6 55523.08545463 44.951
  89  87.348613  63.543407    15.157    15.163  5 55533.00110283 33.944
  90  87.345783  63.542725    15.123    15.109  6 55542.91674899 28.257
  91  87.345187  63.541821    15.679    15.615  5 55552.83239335 23.806
  92  87.345895  63.542065    16.859    16.873  5 55562.74803643 23.901
  93  87.345835  63.543464    17.075    17.066  5 55572.66367863 21.169
  94  87.346137  63.543894    17.626    17.930  5 55582.57931966 18.792
  95  87.347156  63.542383    18.052    18.036  6 55592.49495762 17.435
  96  87.345536  63.540630    17.896    17.829  5 55602.41059206 17.272
  97  87.345236  63.539593    17.804    17.843  5 55612.32622450 17.654
  98  87.345763  63.540434    18.035    18.214  5 55622.24185908 17.235
  99  87.344585  63.541904    20.750    20.690  5 55632.15751182 15.240
 100  87.347754  63.542029    18.202    18.182  5 55642.07316290 15.428
 101  87.346990  63.541504    30.254    31.873  5 55651.98881085 10.561
 102  87.344219  63.539933    42.367    42.263  5 55661.90445468  5.938
 103  87.342684  63.538964    16.356    16.377  5 55671.82009538 39.497
 104  87.344303  63.539374    30.793    31.373  5 55681.73573464 35.084
 105  87.345595  63.541879    22.690    22.691  6 55691.65137197 53.118
 106  87.346472  63.544366    25.100    22.590  5 55701.56700762 28.828
 107  87.348135  63.544839    19.624    19.602  6 55711.48264922 47.383
 108  87.347670  63.543693    15.917    15.923  5 55721.39829897 45.641
 109  87.345873  63.543007    14.561    14.615  5 55731.31394652 47.975
 110  87.346122  63.542708    15.203    15.649  6 55741.22959299 25.336
 111  87.347584  63.542658    14.556    14.853  5 55751.14523833 30.880
 112  87.346941  63.542724    32.776    33.448  6 55761.06088113 21.420
 113  87.346139  63.542020    18.976    15.479  6 55770.97652113 27.304
 114  87.346116  63.540338    24.326    15.495  5 55780.89215783 26.160
 115  87.343799  63.540128    35.783    37.390  6 55790.80779152 28.306
 116  87.346517  63.540520    19.819    15.587  5 55800.72342436 27.179
 117  87.345665  63.541698    15.569    15.494  5 55810.63907305 40.005
 118  87.345271  63.542628    15.247    15.199  6 55820.55472162 49.065
 119  87.346894  63.542086    14.890    15.040  6 55830.47036584 31.929
 120  87.345150  63.541163    35.069    38.494  6 55840.38600525 24.920
 121  87.344255  63.540457    14.945    14.977  6 55850.30164171 50.482
 122  87.345534  63.541353    40.824    38.885  5 55860.21727628 20.263
 123  87.346736  63.542586    13.635    13.636  5 55870.13292735 41.928
 133  87.344346  63.539660    19.875    19.937  5 55969.28936868 17.497
 134  87.344302  63.541091    16.704    15.758  5 55979.20500507 21.442
 135  87.345633  63.542143    18.997    18.755  6 55989.12064091 18.410
 136  87.346166  63.542176    19.152    19.436  6 55999.03628319 18.955
 137  87.345361  63.541102    18.967    18.733  5 56008.95193427 18.764
 138  87.343742  63.540447    44.272    44.213  5 56018.86758103  9.016
 139  87.344927  63.540124    15.080    15.100  6 56028.78322502 28.752
 141  87.345400  63.542671    16.416    16.359  5 56048.61450690 35.332
 142  87.348400  63.543582    22.949    22.951  5 56058.53014440 51.976
 143  87.348133  63.544630    22.078    22.068  6 56068.44577738 50.195
 144  87.347154  63.543979    20.388    20.342  5 56078.36142861 54.015
 145  87.347181  63.543328    21.232    17.730  6 56088.27707726 25.989
 146  87.348184  63.543045    14.843    14.393  6 56098.19272351 30.773
 147  87.347015  63.542803    14.021    14.034  6 56108.10836731 29.670
 148  87.346019  63.541811    13.948    13.905  5 56118.02399680 51.778
 149  87.344663  63.540909    13.386    13.380  6 56127.93963414 50.646
 150  87.343443  63.540749    13.933    13.886  5 56137.85526778 47.643
 151  87.343200  63.541108    13.116    13.070  5 56147.77091405 30.806
 152  87.344907  63.541698    13.595    13.346  6 56157.68656326 35.000
 153  87.346774  63.541798    13.237    13.248  6 56167.60221151 35.518
 154  87.343699  63.541708    13.014    12.997  5 56177.51785665 31.110
 155  87.343436  63.540754    13.164    13.142  5 56187.43349747 50.058
 156  87.344406  63.540261    12.760    12.791  5 56197.34913480 26.449
 157  87.344289  63.541789    12.216    12.206  5 56207.26476894 29.802
 158  87.346160  63.543948    21.122    21.175  5 56217.18040170 22.896
 159  87.348257  63.545050    12.781    12.794  5 56227.09604455 46.224
 160  87.347526  63.544597    14.519    14.552  6 56237.01169931 34.117
 161  87.347719  63.543285    13.938    13.925  5 56246.92735037 29.266
 162  87.347579  63.542587    16.556    16.987  6 56256.84299624 24.280
 163  87.347924  63.543052    15.861    15.200  6 56266.75863844 23.077
 164  87.346455  63.544037    17.579    17.805  6 56276.67427871 21.256
 165  87.346198  63.543402    19.446    19.135  5 56286.58992586 18.156
 166  87.345557  63.541182    19.825    20.278  5 56296.50557574 18.098
 167  87.342334  63.539377    20.199    19.641  5 56306.42122134 17.364
 168  87.344679  63.538124    20.824    20.482  5 56316.33686434 15.752
 169  87.343599  63.540017    19.897    19.954  6 56326.25250510 16.278
 170  87.346188  63.541797    20.338    20.439  6 56336.16814528 15.836
 171  87.348072  63.542463    19.383    19.099  5 56346.08378419 16.348
 172  87.344598  63.542488    20.034    19.934  5 56355.99942025 16.229
 173  87.343750  63.540576    20.047    20.012  5 56365.91506724 16.395
 174  87.344913  63.539497    20.270    20.472  5 56375.83071621 15.600
 176  87.345453  63.543186    32.557    36.607  5 56395.66200526 12.169
 177  87.347180  63.544290    14.311    14.228  5 56405.57764681 18.803
 178  87.347295  63.544456    42.541    43.135  6 56415.49328502 27.167
 179  87.346731  63.543985    34.854    35.828  5 56425.40891845 34.847
 180  87.346078  63.542990    31.520    31.903  6 56435.32456675 30.378
 181  87.347133  63.542313    31.896    33.233  5 56445.24021887 27.766
 182  87.347453  63.542883    36.090    38.818  5 56455.15586841 20.969
 183  87.346846  63.542606    29.234    28.695  6 56465.07151499 22.653
 184  87.345045  63.541188    30.883    32.012  5 56474.98715789 24.373
 185  87.341642  63.539759    15.178    14.798  5 56484.90279718 33.242
 187  87.343138  63.541158    15.078    15.273  5 56504.73406797 27.879
 188  87.348063  63.543488    13.893    13.832  5 56514.64970102 52.171
 189  87.348097  63.543991    13.623    13.561  5 56524.56535313 27.201
 190  87.345720  63.542716    14.286    14.366  5 56534.48100418 23.779
 192  87.345090  63.539597    14.679    14.537  5 56554.31229630 44.099
 193  87.346015  63.541267    14.886    14.912  6 56564.22793902 50.639
 194  87.348183  63.543740    40.261    40.440  6 56574.14358051 22.859
 195  87.348613  63.545614    20.821    20.987  6 56584.05921929 19.977
 196  87.348860  63.545647    13.422    13.338  5 56593.97485376 46.787
 197  87.346888  63.543534    15.420    15.386  5 56603.89050722 42.239
 198  87.345688  63.542105    17.913    17.922  6 56613.80615585 27.041
 199  87.345648  63.542460    23.481    20.727  6 56623.72180036 17.566
 200  87.346941  63.543077    20.819    20.807  5 56633.63744209 17.746
 201  87.348075  63.543478    19.306    19.109  5 56643.55307910 22.878
 202  87.346070  63.541743    20.438    20.580  6 56653.46873073 18.415
 203  87.343796  63.539703    32.194    30.686  5 56663.38437973 15.714
 204  87.345164  63.538220    28.855    30.814  5 56673.30002632 14.678
 205  87.344198  63.539828    20.301    20.974  5 56683.21567112 19.417
 206  87.344307  63.542081    24.778    21.323  5 56693.13131388 15.172
 207  87.346496  63.543357    32.247    33.647  5 56703.04695273 15.408
 208  87.347822  63.542800    30.076    30.157  6 56712.96258648 14.129
 209  87.347006  63.540857    24.941    21.270  5 56722.87823438 14.738
 210  87.343318  63.540390    39.001    39.105  5 56732.79388507 13.891
 211  87.345321  63.541428    39.757    39.682  6 56742.70953256 12.768
 212  87.346159  63.543914    32.395    31.377  6 56752.62517545 11.631
 213  87.348408  63.545391    17.211    17.154  5 56762.54081327 25.798
 214  87.350082  63.545256    18.636    18.585  6 56772.45644453 20.573
 215  87.345824  63.543314    35.803    36.893  6 56782.37210218 35.443
 216  87.347105  63.540958    23.989    23.983  5 56792.28775673 52.205
 217  87.345577  63.540703    40.911    43.688  6 56802.20340802 32.064
 218  87.345641  63.541477    43.603    44.038  5 56812.11905180 28.028
 219  87.344982  63.541969    20.798    20.794  6 56822.03469158 53.627
 220  87.346894  63.540934    18.741    18.704  5 56831.95032753 46.550
 221  87.345020  63.540561    16.557    16.603  5 56841.86595967 26.584
 222  87.345945  63.540264    30.864    27.854  5 56851.78159808 25.623
 223  87.345246  63.540739    17.039    16.465  6 56861.69725220 27.661
 224  87.346854  63.541570    15.110    15.069  5 56871.61290586 28.683
 225  87.345032  63.542391    24.623    27.895  5 56881.52855624 26.339
 226  87.346126  63.541480    14.487    14.468  6 56891.44420338 38.482
 227  87.345987  63.540179    35.258    38.857  5 56901.35984750 25.460
 228  87.345399  63.540334    15.256    15.278  6 56911.27548952 32.891
 229  87.345399  63.541873    34.411    38.431  5 56921.19112992 26.789
 230  87.346804  63.544015    30.588    31.097  6 56931.10676824 21.709
 231  87.349722  63.544989    39.294    39.200  6 56941.02240175 19.982
 232  87.347811  63.545122    14.062    14.022  5 56950.93804181 46.697
 233  87.345722  63.543434    13.408    13.383  5 56960.85369338 46.030
 234  87.346127  63.542008    19.446    19.060  5 56970.76934011 19.893
 235  87.344886  63.542237    38.642    38.424  5 56980.68498250 15.250
 236  87.345625  63.542764    34.491    37.422  6 56990.60062060 12.934
 237  87.347502  63.542996    32.192    31.337  6 57000.51625250 13.391
 238  87.346606  63.541547    31.504    31.144  6 57010.43190810 12.516
 239  87.344017  63.540501    31.455    37.776  5 57020.34755996 15.726
 240  87.344344  63.540110    42.426    42.182  5 57030.26320913 13.683
 241  87.344475  63.540782    37.756    37.859  6 57040.17885648 12.658
 242  87.345931  63.541677    31.752    31.048  6 57050.09450178 12.564
 243  87.345467  63.542527    35.027    37.657  5 57060.01014286 12.622
 244  87.346408  63.542631    23.826    19.449  5 57069.92577846 14.093
 245  87.345719  63.543189    18.442    18.435  5 57079.84140949 15.845
 246  87.346868  63.543772    17.544    17.905  6 57089.75704826 17.302
 247  87.348134  63.543857    16.592    15.389  5 57099.67270630 17.474
 248  87.347194  63.544533    16.391    15.671  6 57109.58836106 19.477
 249  87.348046  63.544018    16.144    16.145  5 57119.50401066 14.307
 250  87.348118  63.542865    15.834    15.861  6 57129.41965432  7.779
