# NaN NaN NaN ;Mean Elev.(m), Avg Gradient(m/km), RMS Gradient(m/km) - SRTM1     
#    7.594  -1.115   4.196 ;Mean Elev.(m), Avg Gradient(m/km), RMS Gradient(m/km) - ASTER GDEM
#    1.832  -1.932   5.940 ;Mean Elev.(m), Avg Gradient(m/km), RMS Gradient(m/km) - GMTED2010 
   1  87.536966  66.096231     6.051     5.902 11 54664.32609819 44.989
   2  87.525290  66.097526    13.262    13.241 28 54674.24174189 21.703
   3  87.512388  66.099294   -11.373   -11.319 26 54684.15738407 17.110
   4  87.505011  66.100315     8.143     6.233 26 54694.07302537 50.118
   5  87.511194  66.099436   -18.483   -19.406 27 54703.98866543 27.137
   6  87.531443  66.096646     4.871     4.884 29 54713.90431773 51.108
   7  87.547708  66.094112    -7.359    -8.184 30 54723.81996984 49.759
   8  87.553703  66.093259    29.434    31.066 29 54733.73561872 24.769
   9  87.544266  66.094680    31.917    32.492 29 54743.65126475 22.571
  10  87.534311  66.096104    13.695    13.274 29 54753.56691040 22.381
  11  87.537561  66.095752     4.947     3.968 29 54763.48255667 26.962
  12  87.552812  66.093509     3.841     3.838 30 54773.39820146 47.093
  13  87.566469  66.091640     4.572     4.544 29 54783.31384336 31.445
  14  87.565451  66.091894     3.872     3.880 30 54793.22948169 26.773
  17  87.528225  66.096980     8.662     9.011 28 54822.97639609 18.955
  18  87.535600  66.095926     7.043     7.674 29 54832.89203705 21.654
  19  87.540139  66.095619     4.850     4.317 30 54842.80768758 20.760
  20  87.530024  66.097004     9.990    10.509 29 54852.72333560 19.706
  21  87.510750  66.099277     9.360     8.877 27 54862.63898246 19.299
  22  87.504638  66.100190    11.388    11.594 27 54872.55463046 17.364
  23  87.517940  66.098608    11.734    11.774 27 54882.47027824 17.119
  24  87.542326  66.095264    10.534    10.686 30 54892.38592372 17.383
  25  87.558038  66.092617    10.978    11.397 29 54902.30156562 18.098
  26  87.558081  66.092673    12.597    12.124 29 54912.21720459 16.934
  27  87.546624  66.094657     8.191     8.400 30 54922.13284151 18.621
  28  87.535863  66.096349     6.989     6.213 29 54932.04847779 18.475
  29  87.537805  66.095836    18.077    18.897 30 54941.96411361 11.643
  30  87.553766  66.093596     5.199     5.138 30 54951.87974898 26.552
  31  87.567424  66.091570     8.028     8.029 30 54961.79539231 35.569
  32  87.562205  66.092144    11.428    11.478 29 54971.71104048 27.754
  33  87.546640  66.094420    17.147    17.062 29 54981.62668657 31.154
  34  87.531945  66.096667    27.859    31.576 28 54991.54233242 30.861
  35  87.529701  66.097078    14.143    13.304 28 55001.45797893 24.811
  36  87.533613  66.096588    13.345    13.322 29 55011.37362423 23.296
  37  87.534146  66.096069    16.972    14.579 29 55021.28926774 22.613
  38  87.529448  66.096985     4.850     4.846 28 55031.20490974 54.164
  39  87.517972  66.098644    13.368    13.406 27 55041.12055043 19.762
  40  87.510269  66.099685    10.345    10.497 27 55051.03619001 23.663
  41  87.518475  66.098397     3.814     3.793 28 55060.95182890 55.112
  42  87.541630  66.095242     7.597     8.094 30 55070.86747293 27.991
  43  87.560555  66.092413    12.594    12.574 30 55080.78312371 25.584
  44  87.563210  66.092054    19.746    19.225 29 55090.69877119 27.740
  45  87.551694  66.093913    20.297    19.788 30 55100.61441653 26.346
  46  87.534746  66.096076    19.175    20.937 29 55110.53006091 24.532
  47  87.539045  66.095810    20.275    22.507 29 55120.44570546 24.907
  48  87.554073  66.093473     3.537     3.546 29 55130.36134833 49.381
  49  87.570680  66.091121     4.379     4.053 29 55140.27698937 34.023
  50  87.571185  66.091369    11.837     8.219 29 55150.19262797 25.972
  51  87.550239  66.094137    14.045    10.390 30 55160.10826447 22.873
  52  87.529972  66.096881    14.944    12.480 28 55170.02390065 19.703
  53  87.521778  66.097889    12.909    12.510 28 55179.93953668 18.368
  54  87.528939  66.096930    13.135    12.451 28 55189.85518462 18.141
  55  87.532418  66.096469    12.513    12.228 29 55199.77083539 17.768
  56  87.529438  66.097088    12.122    11.972 29 55209.68648479 17.439
  57  87.517849  66.098442    12.470    12.441 28 55219.60213292 16.385
  58  87.517911  66.098351    12.442    12.406 28 55229.51778122 16.091
  59  87.530673  66.096775    11.826    11.775 28 55239.43342751 16.392
  60  87.547397  66.094198    13.122    12.284 30 55249.34907059 16.111
  61  87.562845  66.092311    14.868    12.288 29 55259.26471122 15.909
  62  87.559080  66.092490    12.516    11.551 29 55269.18034933 15.680
  63  87.549467  66.094042    11.810    11.693 30 55279.09598671 15.799
  64  87.539526  66.095332    11.624    11.589 29 55289.01162279 16.364
  65  87.541619  66.095264    11.129    11.354 30 55298.92725758 16.527
  66  87.552550  66.093549    23.120    25.188 30 55308.84290229  9.186
  67  87.566460  66.091936    17.555    13.114 29 55318.75854963 12.206
  68  87.562333  66.092232     6.182     6.096 30 55328.67419425 25.836
  69  87.547245  66.094327    11.233    11.197 30 55338.58983733 44.372
  70  87.532429  66.096513    17.306    17.286 28 55348.50548005 56.060
  71  87.522091  66.097628    15.528    15.506 28 55358.42112134 55.845
  72  87.525322  66.097438    21.417    21.739 28 55368.33676179 23.299
  73  87.526967  66.097160    31.869    31.900 28 55378.25240063 23.425
  74  87.526961  66.097461     6.160     6.158 28 55388.16803856 56.293
  75  87.520832  66.098086    12.306    12.388 27 55398.08367498 21.928
  76  87.521369  66.097759    25.523    25.020 28 55407.99931954 22.460
  77  87.537582  66.095890    21.105    20.941 30 55417.91497200 23.651
  78  87.553486  66.093617    24.283    26.086 30 55427.83062096 26.249
  79  87.560736  66.092557    36.669    37.123 29 55437.74626643 21.200
  80  87.556744  66.093086     6.099     6.055 30 55447.66190950 54.858
  81  87.548591  66.094214    30.802    30.942 29 55457.57755186 23.830
  82  87.542461  66.094936    23.737    24.496 30 55467.49319372 23.399
  83  87.547152  66.094323     6.518     4.799 29 55477.40883333 30.039
  84  87.555518  66.093174    15.253    15.385 30 55487.32447014 25.875
  85  87.562754  66.092411     3.839     3.816 29 55497.24010461 56.221
  86  87.551604  66.093557     9.336    10.221 29 55507.15574043 32.304
  87  87.543665  66.095052     4.995     4.994 30 55517.07139013 46.637
  88  87.531303  66.096634     4.487     4.473 29 55526.98703851 35.552
  89  87.528308  66.097183     3.955     3.973 29 55536.90268576 31.671
  90  87.526297  66.097240     3.649     3.640 28 55546.81833088 25.578
  91  87.524395  66.097468     3.895     3.866 28 55556.73397419 25.414
  92  87.522002  66.097992     5.720     4.738 27 55566.64961657 23.508
  93  87.522500  66.097867     8.907     8.430 28 55576.56525854 21.365
  94  87.535812  66.096277     7.664     7.300 29 55586.48089980 22.041
  95  87.548183  66.094226     8.455     8.305 29 55596.39653780 21.200
  96  87.555702  66.093009    10.540    11.359 30 55606.31217232 19.978
  97  87.556151  66.093138    10.899    11.574 30 55616.22780412 20.029
  98  87.547243  66.094431    11.006    11.514 30 55626.14344566 18.815
  99  87.543634  66.094948    10.471    11.328 30 55636.05909730 18.652
 100  87.546048  66.094526    15.838    14.341 30 55645.97474741 20.891
 101  87.555251  66.093266    10.765    11.798 29 55655.89039538 17.614
 102  87.559968  66.092541    20.704    22.205 29 55665.80603843  8.072
 103  87.556436  66.092997     5.389     5.098 30 55675.72167777 36.410
 104  87.546098  66.094565    14.173    14.166 29 55685.63731472 39.088
 105  87.535027  66.096189    18.526    15.999 29 55695.55295044 31.833
 106  87.527404  66.097132    15.707    14.450 29 55705.46858522 25.605
 107  87.528054  66.097020    15.809    13.564 28 55715.38423352 22.934
 108  87.529116  66.096951     7.485     6.769 29 55725.29988249 43.764
 109  87.524736  66.097583    20.651    20.396 29 55735.21552909 21.680
 110  87.517231  66.098421    10.759    12.148 27 55745.13117413 23.113
 111  87.519410  66.098059     5.231     5.235 28 55755.04681839 53.022
 112  87.536343  66.095918    17.549    16.116 29 55764.96246167 23.382
 113  87.556028  66.093273    26.680    28.042 29 55774.87810236 22.315
 114  87.564357  66.091927     5.722     5.358 29 55784.79373885 44.176
 115  87.555002  66.093190     5.274     5.252 29 55794.70937146 48.581
 116  87.541657  66.095259     9.044     8.496 29 55804.62500811 26.370
 117  87.536283  66.096053     8.722     9.496 29 55814.54065703 25.478
 118  87.544464  66.094759    23.422    23.006 29 55824.45630494 25.200
 119  87.558061  66.092834    16.303    15.360 29 55834.37194873 24.556
 120  87.564076  66.092038    30.353    32.910 29 55844.28758798 24.651
 121  87.552294  66.093547     8.937     9.230 29 55854.20322262 29.042
 122  87.538218  66.095978     3.889     3.876 29 55864.11885947 50.235
 123  87.526758  66.097547     4.439     4.438 28 55874.03451196 38.720
 133  87.558997  66.092741     7.825     8.168 29 55973.19095077 26.507
 134  87.538972  66.095558     7.417     8.213 30 55983.10658505 29.350
 135  87.531823  66.096725     7.416     8.516 29 55993.02221860 27.973
 136  87.539290  66.095331     7.824     8.113 30 56002.93786835 25.610
 137  87.559187  66.092589     7.645     8.100 29 56012.85351961 24.958
 139  87.552181  66.093484    10.092    10.742 30 56032.68480828 13.137
 141  87.514904  66.098708     4.428     4.424 27 56052.51608472 26.631
 142  87.517632  66.098578    11.011    11.001 27 56062.43172065 35.227
 143  87.527722  66.097074    15.098    15.283 28 56072.34736184 29.539
 144  87.532970  66.096246    25.644    26.621 29 56082.26301263 25.845
 145  87.529807  66.096832     9.735     9.715 28 56092.17866011 50.680
 146  87.520743  66.098114     6.977     6.640 28 56102.09430477 35.092
 147  87.521777  66.097859    13.514    13.580 28 56112.00993601 21.226
 148  87.539095  66.095696     8.044     8.239 30 56121.92557680 25.646
 149  87.559036  66.092842    11.091    10.522 29 56131.84121403 25.203
 150  87.567434  66.091618    14.400    15.559 30 56141.75685069 24.768
 151  87.556505  66.092967     8.069     7.565 29 56151.67250055 27.541
 152  87.539374  66.095475    10.742    11.898 30 56161.58814809 28.449
 153  87.533324  66.096665     9.903     9.416 29 56171.50379484 24.254
 154  87.538457  66.095559     4.851     3.163 29 56181.41943820 48.089
 155  87.552896  66.093373     4.896     3.368 29 56191.33507860 31.157
 156  87.562102  66.092306     7.196     2.881 29 56201.25071576 28.533
 157  87.547284  66.094192    13.945    13.329 29 56211.16634854 24.321
 158  87.526394  66.097306     2.083     2.067 28 56221.08197885 44.570
 159  87.510221  66.099451     3.030     2.696 26 56230.99762942 33.105
 160  87.515187  66.099053    10.743    11.462 27 56240.91328276 25.037
 161  87.526416  66.097569    10.378    11.347 28 56250.82893263 24.038
 162  87.533570  66.096330    12.284    11.538 29 56260.74457736 23.391
 163  87.532786  66.096526    15.423    15.353 28 56270.66021899 20.115
 164  87.528520  66.097195    13.682    12.204 28 56280.57585856 19.898
 165  87.525953  66.097297    14.259    12.472 29 56290.49151049 19.055
 166  87.541127  66.095430    12.185    12.414 29 56300.40715988 18.603
 167  87.557793  66.092964    12.020    12.118 30 56310.32280534 19.060
 168  87.567638  66.091727    14.268    12.483 29 56320.23844788 17.361
 169  87.554994  66.093111    14.057    12.009 29 56330.15408759 16.650
 170  87.542026  66.095309    12.818    11.962 29 56340.06972659 16.662
 171  87.530551  66.096710    11.771    11.803 29 56349.98536354 16.741
 172  87.538235  66.095744    15.791    12.815 29 56359.90100128 15.966
 173  87.551838  66.093743    13.564    12.566 30 56369.81665267 16.108
 175  87.542485  66.094963    12.487    11.699 30 56389.64794432 15.489
 176  87.526542  66.097550     9.912     9.167 28 56399.56358613 14.391
 177  87.513637  66.099224    13.278    13.203 27 56409.47922565  7.718
 178  87.510824  66.099111     4.959     4.977 27 56419.39486153 35.297
 179  87.524698  66.097766    18.174    18.186 28 56429.31049760 37.218
 180  87.530156  66.096843    16.995    16.581 29 56439.22615159 30.841
 181  87.530128  66.096700    13.394    12.553 29 56449.14180259 34.583
 182  87.529315  66.096849     9.415     9.384 28 56459.05745133 53.220
 183  87.534498  66.096047     6.132     6.131 29 56468.97309731 56.262
 184  87.543869  66.094807    12.627    11.997 29 56478.88873972 25.823
 185  87.553319  66.093467     4.921     4.415 29 56488.80437820 40.445
 187  87.547508  66.094215     3.072     3.081 30 56508.63564660 56.786
 188  87.538938  66.095540     5.506     3.718 29 56518.55128537 31.341
 189  87.536143  66.095961     2.906     2.929 29 56528.46693912 43.023
 190  87.540160  66.095538     9.881     8.760 29 56538.38258928 25.549
 191  87.546919  66.094605     6.533     4.759 30 56548.29823564 36.371
 192  87.543277  66.094810    19.172    20.242 30 56558.21387852 26.463
 193  87.537735  66.096019    13.863    13.476 29 56568.12952033 25.009
 194  87.519772  66.098153     5.853     2.628 27 56578.04515970 31.928
 195  87.513719  66.099193     3.059     3.020 27 56587.96079651 51.918
 196  87.514005  66.098898     4.643     4.618 27 56597.87643861 42.601
 197  87.524456  66.097599     4.834     4.814 29 56607.79209099 31.875
 198  87.529893  66.096989     4.757     4.640 28 56617.70773797 20.311
 199  87.529460  66.096940     9.967     9.844 28 56627.62338105 21.093
 200  87.529005  66.096782     5.880     4.064 29 56637.53902132 20.440
 201  87.538610  66.095644     6.345     3.914 30 56647.45466444 21.252
 202  87.548238  66.094139     4.887     3.385 30 56657.37031726 21.560
 203  87.555239  66.093164    12.762    12.734 29 56667.28596554 17.206
 205  87.543309  66.095092     8.765     8.381 30 56687.11725337 16.046
 206  87.537729  66.095872     9.783     9.797 29 56697.03289466 15.661
 207  87.540140  66.095588    10.409    11.122 30 56706.94853210 16.063
 208  87.543223  66.094916    10.530    10.126 29 56716.86416731 16.087
 209  87.546045  66.094731    37.639    41.159 30 56726.77982063 11.663
 211  87.523423  66.097950     5.481     4.473 28 56746.61111324 17.473
 212  87.516604  66.098965    17.119    17.000 27 56756.52675389  8.490
 213  87.513566  66.098844     3.992     4.001 27 56766.44238913 25.119
 214  87.522150  66.097718     5.119     5.147 28 56776.35803156 19.245
 215  87.528453  66.097090    11.099    11.646 28 56786.27368860 40.474
 216  87.526469  66.097286    17.394    17.503 28 56796.18934127 37.925
 217  87.524209  66.097514    15.712    15.583 28 56806.10498935 27.327
 219  87.543845  66.094820    13.713    13.664 30 56825.93627125 56.806
 220  87.553748  66.093328    33.067    35.402 30 56835.85190692 26.095
 221  87.554462  66.093509    17.854    16.181 30 56845.76753850 25.984
 222  87.543312  66.094882    11.002     9.919 30 56855.68318505 26.295
 223  87.532501  66.096293     4.131     4.129 29 56865.59883753 42.679
 224  87.531959  66.096304    13.988    12.807 29 56875.51448998 24.005
 225  87.540391  66.095422     6.974     4.332 30 56885.43014015 36.552
 226  87.544537  66.094552    30.893    30.418 30 56895.34578700 21.703
 227  87.544810  66.094941    26.851    28.024 30 56905.26143039 25.804
 228  87.529643  66.096884    29.157    28.676 28 56915.17707021 22.256
 229  87.513115  66.099033    27.585    26.655 27 56925.09270809 21.327
 230  87.507350  66.099872    14.781    14.456 26 56935.00834402 24.706
 231  87.514329  66.098965     4.541     3.924 27 56944.92397586 34.445
 232  87.527672  66.097035     3.836     3.841 29 56954.83962700 46.144
 233  87.535254  66.096010     4.817     4.430 29 56964.75527737 36.160
 234  87.531672  66.096727     9.914     9.913 28 56974.67092211 24.554
 235  87.521025  66.097959     4.292     4.277 28 56984.58656176 26.643
 236  87.525607  66.097500     5.222     4.143 28 56994.50219771 21.357
 237  87.543196  66.095105     3.951     3.565 29 57004.41783888 21.857
 238  87.559571  66.092626    11.787    12.101 30 57014.33349619 21.940
 239  87.562564  66.092365     4.145     4.167 29 57024.24914743 20.854
 240  87.544261  66.094813    16.193    12.625 29 57034.16479430 16.909
 241  87.529225  66.097084    12.050    11.893 29 57044.08043904 16.638
 242  87.525758  66.097417    12.054    11.934 28 57053.99608217 14.802
 243  87.537849  66.095684    12.058    12.361 30 57063.91172209 16.452
 244  87.548285  66.094427    13.135    13.313 30 57073.82735689 14.101
 245  87.539630  66.095406     8.543     9.089 30 57083.74298633 18.780
 246  87.521614  66.098037     5.707     3.775 28 57093.65863511 19.052
 247  87.504173  66.100332    13.259    13.199 26 57103.57429032 16.363
 248  87.500124  66.100586     8.020     9.125 26 57113.48994284 19.650
 249  87.516987  66.098496    23.726    23.469 27 57123.40559120  8.547
 250  87.535945  66.096172     6.078     5.193 29 57133.32123438  8.760
