# NaN NaN NaN ;Mean Elev.(m), Avg Gradient(m/km), RMS Gradient(m/km) - SRTM1     
#  -13.704  -1.512   7.310 ;Mean Elev.(m), Avg Gradient(m/km), RMS Gradient(m/km) - ASTER GDEM
#    1.202  -1.113   5.882 ;Mean Elev.(m), Avg Gradient(m/km), RMS Gradient(m/km) - GMTED2010 
   1  87.983008  65.979619    17.019    17.181 10 54666.27700248 17.802
   2  87.985525  65.980848     6.655     6.633 10 54676.19264732 54.330
   3  87.981454  65.982410    -9.263    -9.909 10 54686.10829017 25.354
   4  87.982925  65.983479    15.719    15.747 10 54696.02393188 15.196
   5  87.981231  65.982390    -3.051    -2.958 10 54705.93957112 26.645
   6  87.982317  65.980032     4.851     4.954 10 54715.85522353 33.794
   7  87.980418  65.977601    10.713    10.761 10 54725.77087322 15.923
   8  87.981613  65.977264    16.135    15.918 10 54735.68652137 21.757
   9  87.984900  65.979121    15.992    15.716 10 54745.60216891 17.350
  10  87.983916  65.980757     5.990     4.708 10 54755.51781563 27.847
  11  87.981043  65.980397     9.464    10.166 10 54765.43346076 22.135
  12  87.981558  65.978223     4.597     4.619 10 54775.34910323 46.261
  13  87.980216  65.976163     5.521     5.498 11 54785.26474303 28.278
  14  87.979997  65.976223     5.342     5.330 11 54795.18038144 24.584
  17  87.981914  65.980775    11.133    11.138 10 54824.92730258 16.057
  18  87.980918  65.979993    11.314    11.305 10 54834.84294214 14.767
  19  87.983350  65.980112    10.915    10.762 10 54844.75859216 13.476
  20  87.983425  65.981121    10.855    11.026 10 54854.67424117 13.855
  21  87.981120  65.982720    10.910    10.920 10 54864.58988983 14.133
  22  87.982184  65.983384    10.917    10.990 10 54874.50553847 13.586
  23  87.983363  65.982420    10.675    10.703  9 54884.42118447 13.141
  24  87.984558  65.980017    10.546    10.533 10 54894.33682701 13.386
  25  87.982494  65.977824    10.403    10.367 11 54904.25246658 13.512
  26  87.982808  65.977580    10.683    10.752 10 54914.16810524 12.731
  27  87.984816  65.978945    10.427    10.341 10 54924.08374351 14.528
  28  87.985009  65.980197    12.501    12.680 10 54933.99938084 11.757
  29  87.984394  65.979909    13.259    10.071 10 54943.91501611 13.625
  30  87.982393  65.977958     8.551     9.492 11 54953.83064907 20.457
  31  87.981744  65.976216    10.862    10.683 11 54963.74629393 46.634
  32  87.982262  65.976412    14.551    14.568 11 54973.66194237 38.335
  33  87.983824  65.978333    17.642    17.577 10 54983.57759026 32.165
  34  87.983234  65.980324    18.473    18.489 11 54993.49323776 26.287
  35  87.981280  65.981085    17.243    16.892 10 55003.40888403 21.352
  36  87.985680  65.981106    17.486    17.479 10 55013.32452887 16.320
  37  87.984983  65.980613     7.055     7.004 10 55023.24017183 49.509
  38  87.983416  65.981116     5.114     5.031 10 55033.15581401 54.327
  39  87.985067  65.982182     4.757     4.640  9 55043.07145578 54.097
  40  87.983432  65.982322     4.436     3.540 10 55052.98709565 23.420
  41  87.985853  65.981067     4.212     4.177 10 55062.90273363 35.337
  42  87.981281  65.978832    10.332    10.682 10 55072.81837765 17.600
  43  87.982504  65.977405     5.802     3.911 11 55082.73402603 26.449
  44  87.981495  65.977439     4.252     4.271 11 55092.64967267 34.373
  45  87.982902  65.978599    10.043    10.263 10 55102.56531931 18.580
  46  87.982993  65.979706     3.810     3.832 10 55112.48096552 30.309
  47  87.983196  65.979469     7.777     8.547 11 55122.39660938 24.901
  48  87.984062  65.978190     4.084     4.023 10 55132.31225037 50.936
  49  87.983138  65.976824     9.594     9.789 10 55142.22788915 24.297
  50  87.981728  65.976951    10.890    10.868 10 55152.14352731 20.586
  51  87.981948  65.978372    11.315    11.342 11 55162.05916590 18.330
  52  87.982084  65.979924    10.954    10.995 10 55171.97480411 17.234
  53  87.985222  65.980749    10.347    10.322 10 55181.89044100 15.639
  54  87.982743  65.980693    10.503    10.496 10 55191.80609084 15.565
  55  87.985539  65.981191    10.167    10.130 10 55201.72174124 14.988
  56  87.983294  65.981705    10.515    10.473 10 55211.63739055 14.919
  57  87.984700  65.982208    10.595    10.528 10 55221.55303973 13.495
  58  87.981536  65.981390    12.099    11.219 10 55231.46868730 12.844
  59  87.984044  65.980083    10.488    10.592 10 55241.38433216 13.179
  60  87.981180  65.978436    10.684    10.732 10 55251.29997302 13.170
  61  87.981116  65.977732    11.359    10.522 11 55261.21561187 11.559
  62  87.981327  65.978160    13.903    15.099 10 55271.13124988 12.157
  63  87.984600  65.978904    15.871    15.787 10 55281.04688810 13.299
  64  87.984009  65.978919    16.079    15.955 10 55290.96252476 13.077
  65  87.982059  65.978146    15.477    15.502 11 55300.87815896 12.848
  66  87.982167  65.977303    28.184    30.946 11 55310.79380553  7.803
  67  87.982950  65.977096    16.544    16.455 10 55320.70945115  6.843
  68  87.982381  65.977792     8.798     8.791 10 55330.62509558 29.589
  69  87.983976  65.979230    13.919    13.810 10 55340.54074014 40.388
  70  87.982004  65.980095    17.053    16.993 10 55350.45638413 32.745
  71  87.982803  65.980549    13.356    13.287 10 55360.37202626 28.392
  72  87.983035  65.980751    11.942    12.136 10 55370.28766616 22.817
  73  87.982856  65.981171    18.588    16.582 10 55380.20330454 15.485
  74  87.983646  65.981798     6.459     6.383  9 55390.11894231 34.003
  75  87.986488  65.981816     5.174     5.233 10 55400.03457914 30.625
  76  87.983625  65.980426    15.954    16.074 10 55409.95022642 15.222
  77  87.984663  65.978543     5.020     4.950 10 55419.86587681 52.637
  78  87.981339  65.977149     6.843     5.171 11 55429.78152359 32.508
  79  87.982822  65.977626    12.301    11.809 11 55439.69716835 26.052
  80  87.983153  65.978874    16.413    16.476 10 55449.61281158 15.766
  81  87.983722  65.979477     8.197     9.310 10 55459.52845441 23.321
  82  87.982771  65.978802     6.492     4.886 11 55469.44409620 28.732
  83  87.981448  65.977432    15.852    15.762 11 55479.35973477 19.709
  84  87.980416  65.976595    10.709    11.272 10 55489.27537056 26.097
  85  87.980477  65.976937     8.043     8.990 11 55499.19100423 25.656
  86  87.982144  65.978462     3.107     3.025 11 55509.10664441 32.515
  87  87.980954  65.979690     5.761     5.757 10 55519.02229437 44.433
  88  87.983495  65.980441     5.085     5.071 10 55528.93794373 37.178
  89  87.980446  65.980289     4.453     4.439 10 55538.85359074 35.090
  90  87.986205  65.980700     4.274     4.290 10 55548.76923632 27.870
  91  87.980702  65.981177     4.563     4.559 10 55558.68487915 26.178
  92  87.985946  65.982381     5.312     5.207 10 55568.60052211 23.302
  93  87.983871  65.982072     5.215     5.207 10 55578.51616352 21.660
  94  87.984157  65.980214     7.592     8.878 10 55588.43180275 19.777
  95  87.982900  65.977553     8.456     8.138 11 55598.34743877 20.615
  96  87.982161  65.976169     9.235     9.327 11 55608.26307227 19.142
  97  87.981150  65.976714     9.711     9.788 11 55618.17870391 17.983
  98  87.980913  65.978769     9.216     9.692 10 55628.09435050 18.085
  99  87.984165  65.979820     8.224     9.143 10 55638.01000210 17.987
 100  87.982746  65.978838     7.487     7.340 11 55647.92565115 16.429
 101  87.981985  65.976902     9.709     9.733 10 55657.84129728 15.560
 102  87.980231  65.976008    11.700    13.130 10 55667.75693924 11.008
 103  87.982159  65.977214     7.125     7.103 11 55677.67257894 33.050
 104  87.984172  65.979421    17.009    16.990 10 55687.58821677 55.449
 105  87.986084  65.980953    16.112    15.773 10 55697.50385330 27.196
 106  87.982592  65.980664    15.759    15.732 10 55707.41948808 53.111
 107  87.980284  65.979895    12.929    12.786 10 55717.33513913 21.786
 108  87.983775  65.980030    16.369    16.451 10 55727.25078799 15.078
 109  87.984585  65.981015    14.988    15.269 10 55737.16643495 16.047
 110  87.984060  65.982090     6.146     4.347 10 55747.08208054 30.069
 111  87.983438  65.981877     4.957     4.962  9 55756.99772400 30.713
 112  87.980144  65.979779    15.455    15.646 10 55766.91336458 16.641
 113  87.982520  65.977285     6.963     5.750 11 55776.82900269 31.305
 114  87.980129  65.975754     7.486     7.468 11 55786.74463768 44.890
 115  87.979958  65.976751     7.067     5.260 10 55796.66027124 32.503
 116  87.981136  65.978787     8.640     9.686 10 55806.57591297 21.423
 117  87.984640  65.980143     6.503     6.542 10 55816.49156241 47.692
 118  87.982067  65.978895     5.882     5.023 10 55826.40720809 32.093
 119  87.980037  65.976901    15.817    16.040 10 55836.32284938 16.502
 120  87.981953  65.975845    13.261    12.262 10 55846.23848776 21.013
 121  87.982980  65.977118    13.509    12.088 10 55856.15412351 22.340
 122  87.981047  65.979425     4.217     4.227 10 55866.06976571 50.389
 123  87.983202  65.981509     5.127     5.172 10 55875.98541855 36.141
 133  87.980786  65.976929    10.925    11.085 10 55975.14185088 18.240
 134  87.983201  65.979114    10.002    10.289 11 55985.05748741 19.116
 135  87.985256  65.980159    10.154    10.378 10 55994.97312170 19.280
 136  87.984290  65.979198     9.776    10.435 10 56004.88877374 18.675
 137  87.982840  65.977131     9.795    10.363 10 56014.80442183 19.330
 139  87.983137  65.977946     9.153     9.752 11 56034.63571025 13.056
 141  87.982610  65.981932     5.125     5.130 10 56054.46698974 19.706
 142  87.984402  65.981854    15.316    15.319 10 56064.38262457 42.496
 143  87.986062  65.980840    16.680    16.148 10 56074.29826838 25.465
 144  87.985719  65.980421    15.508    15.497 10 56084.21391803 45.318
 145  87.981238  65.980447     9.335     9.337 10 56094.12956495 53.113
 146  87.982187  65.981041    16.215    15.820 10 56104.04521022 14.902
 147  87.983196  65.980614     5.256     5.190 11 56113.96084096 52.906
 148  87.981963  65.979280     2.936     1.924 10 56123.87647928 25.043
 149  87.981035  65.977349     3.497     3.520 10 56133.79211365 45.658
 150  87.982783  65.976610     4.905     2.511 11 56143.70775293 29.413
 151  87.983031  65.977364     6.246     7.006 10 56153.62340342 21.664
 152  87.982300  65.978894     3.190     3.209 11 56163.53905252 35.933
 153  87.980390  65.979752     6.301     7.213 10 56173.45469943 25.268
 154  87.980855  65.979303     3.211     3.345 10 56183.37034148 33.678
 155  87.982572  65.978008    12.754    11.415 11 56193.28597987 18.293
 156  87.982510  65.977277     3.487     3.433 10 56203.20161535 42.901
 157  87.981877  65.978180     6.389     7.672 10 56213.11724913 40.980
 158  87.984905  65.980285     2.607     2.593 10 56223.03288202 48.819
 159  87.986315  65.982047     7.135     8.079 10 56232.94853847 30.050
 160  87.981559  65.982005     8.892     9.257 10 56242.86419028 25.290
 161  87.981627  65.981220    10.473    10.471 10 56252.77983798 21.619
 162  87.981875  65.980570    10.249    10.348 10 56262.69548119 21.769
 164  87.981684  65.980515    10.698    10.768 10 56282.52676476 18.334
 165  87.982666  65.980154    10.525    10.562 10 56292.44241675 17.776
 166  87.983523  65.978930    10.375    10.475 10 56302.35806423 17.972
 167  87.982601  65.977681    10.047    10.150 11 56312.27370734 17.541
 168  87.981011  65.977450    10.565    10.674 11 56322.18934825 16.763
 169  87.982201  65.978428    10.146    10.161 11 56332.10498886 16.582
 170  87.984976  65.979385    10.141    10.142 10 56342.02062916 15.513
 171  87.984013  65.979414    10.198    10.301 10 56351.93626680 15.232
 172  87.982160  65.978558    10.337    10.360 10 56361.85190684 16.187
 173  87.981613  65.978078    10.318    10.241 11 56371.76755612 15.871
 174  87.980573  65.978564    10.140    10.697 10 56381.68320273 15.162
 175  87.981849  65.980120    10.409    10.560 10 56391.59884746 15.635
 176  87.983744  65.981437     9.618    10.354 10 56401.51449061 14.487
 177  87.983017  65.981873     6.327     6.867 10 56411.43013076 25.220
 178  87.986478  65.981615     9.790    10.071 10 56421.34576633 33.234
 179  87.984481  65.981094    18.960    18.603 10 56431.26140526 33.132
 180  87.984441  65.981218    17.305    17.101 10 56441.17705812 23.890
 181  87.984188  65.981313    17.652    16.967 10 56451.09270845 18.379
 182  87.981715  65.980622    17.351    17.236 10 56461.00835623 16.069
 183  87.981682  65.979330     6.653     5.569 10 56470.92400092 25.308
 184  87.983924  65.978258    13.124    11.711 10 56480.83964219 21.198
 185  87.984112  65.977850     5.192     5.185 10 56490.75527939 54.845
 187  87.980700  65.978807     7.455     8.385 10 56510.58654708 19.714
 188  87.983206  65.979222     4.046     3.129 10 56520.50219107 22.835
 189  87.982100  65.978972     3.641     3.625 10 56530.41784434 52.225
 191  87.982617  65.978535     5.165     5.196 10 56550.24913902 29.595
 192  87.984707  65.979715    15.912    15.964 10 56560.16478208 17.663
 193  87.985601  65.981219    14.806    14.984 10 56570.08042403 20.178
 194  87.984130  65.982236     9.096    10.592 10 56579.99606437 25.574
 195  87.983855  65.981892     3.701     3.683 10 56589.91170081 47.106
 196  87.982434  65.980947     5.366     5.376 10 56599.82734659 41.105
 197  87.980305  65.980356     5.798     5.721 10 56609.74299691 27.451
 198  87.982982  65.981031     5.122     5.139 10 56619.65864290 21.075
 199  87.981436  65.981471     8.545     9.016 10 56629.57428533 18.960
 200  87.983165  65.980897     8.131     8.615 10 56639.48992478 18.409
 201  87.983464  65.979019     5.036     4.218 10 56649.40557006 17.831
 202  87.980918  65.977194    10.496    10.629 11 56659.32122095 17.067
 203  87.982870  65.977162     9.858    10.333 10 56669.23686842 15.311
 205  87.985368  65.980564    10.233    10.242 10 56689.06815704 15.099
 206  87.982703  65.980444    10.677    10.719 10 56698.98379749 14.690
 207  87.982887  65.979004     9.945    10.129 10 56708.89943353 15.591
 208  87.984039  65.977933    10.025    10.138 10 56718.81507279 15.292
 209  87.983189  65.978533     9.831    10.544 10 56728.73072518 14.516
 211  87.983962  65.982720    13.530    13.665 10 56748.56201861 15.088
 212  87.982473  65.983028    12.326    12.218 10 56758.47765859 10.485
 213  87.981807  65.981813     4.680     4.711 10 56768.39329252 22.266
 214  87.984454  65.980608     6.457     6.459 10 56778.30893974 24.803
 215  87.985536  65.980497    17.340    17.299 10 56788.22459573 49.846
 216  87.986079  65.981313    19.381    19.380 10 56798.14024821 55.733
 217  87.983733  65.982038    17.536    17.454  9 56808.05589473 23.744
 219  87.981115  65.979315    14.649    14.618 10 56827.88717254 53.769
 220  87.980744  65.977135    17.364    17.044 10 56837.80280650 26.962
 221  87.980350  65.976769     8.608     8.965 10 56847.71843768 29.285
 222  87.981857  65.978520     5.276     5.285 10 56857.63409041 45.345
 223  87.986043  65.980794    13.131    12.001 10 56867.54974430 16.131
 224  87.983502  65.981113     9.912    10.096 10 56877.46539583 18.135
 225  87.981788  65.980037     4.877     4.843 10 56887.38104424 41.158
 226  87.981269  65.978641    11.967    11.581 10 56897.29669003 19.015
 227  87.981572  65.978956     6.178     5.425 10 56907.21233320 25.295
 228  87.983483  65.981045     4.999     5.116 10 56917.12797443 33.252
 229  87.985655  65.983281     6.418     5.308 10 56927.04361373 27.655
 230  87.985580  65.983796     5.251     5.228 10 56936.95924909 45.053
 231  87.983620  65.982135     3.910     3.777 10 56946.87487909 38.697
 232  87.983108  65.980242     4.993     4.972 10 56956.79053319 49.751
 233  87.980704  65.979321     4.975     4.966 10 56966.70618163 32.428
 234  87.981589  65.980234     6.182     5.081 10 56976.62182624 22.345
 235  87.982256  65.981432     4.834     4.819 10 56986.53746633 21.942
 236  87.980405  65.980928     5.258     4.466 10 56996.45310041 19.585
 237  87.982413  65.979058     5.079     4.267 10 57006.36874503 18.466
 238  87.980571  65.977017     4.657     4.557 11 57016.28439919 21.807
 239  87.981883  65.976891     9.026     9.805 11 57026.20004979 17.718
 240  87.982499  65.978889    12.735    13.029 11 57036.11569838 13.357
 241  87.982654  65.980843    12.290    11.465 10 57046.03134433 13.277
 242  87.980710  65.981219    11.180    11.227 10 57055.94698668 13.075
 243  87.981582  65.979858    11.275    11.244 10 57065.86262407 13.539
 244  87.982730  65.978804    14.851    14.917 10 57075.77825697 11.298
 245  87.984899  65.979041    10.593    10.538 10 57085.69388693 14.341
 246  87.982706  65.981145    11.843    11.090 10 57095.60954333 14.528
 247  87.983385  65.983199    15.734    15.715 10 57105.52519978 11.225
 248  87.981653  65.983617    12.096    11.005 10 57115.44085146 14.198
 250  87.983880  65.980549     4.965     4.960 10 57135.27213743 13.779
