# NaN NaN NaN ;Mean Elev.(m), Avg Gradient(m/km), RMS Gradient(m/km) - SRTM1     
#  -18.335  -2.092   6.895 ;Mean Elev.(m), Avg Gradient(m/km), RMS Gradient(m/km) - ASTER GDEM
#   10.006  -1.726   5.240 ;Mean Elev.(m), Avg Gradient(m/km), RMS Gradient(m/km) - GMTED2010 
   1  87.801455  64.920998     9.651     9.667  8 54668.22779949 39.253
   2  87.800586  64.921920     9.768     9.849  7 54678.14344379 46.138
   3  87.801368  64.923610   -19.023   -19.059  7 54688.05908701  6.699
   4  87.803331  64.924531     9.604     9.695  8 54697.97472836 52.890
   5  87.800416  64.922943   -15.284   -15.295  8 54707.89037017  6.105
   6  87.801297  64.921145    23.784    25.156  8 54717.80602187 24.192
   7  87.800181  64.919088     6.578     6.738  7 54727.72167084 34.550
   8  87.801804  64.919150    16.558    19.087  7 54737.63731865 22.890
   9  87.800890  64.920484    14.015    14.202  8 54747.55296604 28.965
  10  87.800554  64.921938    19.035    18.775  8 54757.46861313 25.062
  11  87.800251  64.921865    18.938    18.811  7 54767.38425810 19.390
  12  87.801864  64.920242     8.488     8.528  7 54777.29989986 45.386
  13  87.800408  64.918148     9.510     9.540  7 54787.21553888 35.784
  14  87.800169  64.917767    12.194    12.950  7 54797.13117700 29.131
  17  87.801074  64.921824    15.206    15.218  7 54826.87810140 16.692
  18  87.802474  64.922110    17.678    18.475  8 54836.79374066 15.514
  19  87.800386  64.922378    16.635    17.101  8 54846.70938994 14.342
  20  87.801547  64.923448    16.461    16.791  8 54856.62503899 14.971
  21  87.803616  64.924986    16.109    16.329  8 54866.54068818 14.591
  22  87.801509  64.924860    16.830    16.915  8 54876.45633635 14.880
  23  87.802793  64.923885    16.915    16.899  7 54886.37198183 13.509
  24  87.801588  64.921703    17.143    17.457  7 54896.28762356 13.099
  25  87.801047  64.920159    17.304    17.346  8 54906.20326271 13.138
  26  87.800542  64.919878    17.449    17.387  8 54916.11890074 12.221
  27  87.802041  64.920728    40.743    40.728  8 54926.03453880  6.059
  28  87.801242  64.920961    18.286    18.300  8 54935.95017594 11.897
  29  87.800464  64.920190    11.916    11.278  7 54945.86581110 20.664
  30  87.802436  64.918648    13.017    12.474  7 54955.78144389 21.115
  31  87.801966  64.917797    15.686    15.666  8 54965.69709170 34.534
  32  87.802934  64.918439    20.816    20.864  7 54975.61273971 44.031
  33  87.800263  64.919689    19.796    19.776  7 54985.52838731 31.679
  34  87.801499  64.921334    19.665    19.650  8 54995.44403531 30.444
  35  87.802022  64.922225    19.284    19.662  8 55005.35968169 23.936
  36  87.800504  64.922314    22.270    19.921  8 55015.27532562 27.293
  37  87.801205  64.922682    10.785    10.737  7 55025.19096834 53.124
  38  87.802142  64.923678    20.774    19.938  8 55035.10661060 24.999
  39  87.801171  64.923852    20.871    19.427  8 55045.02225185 27.183
  40  87.801801  64.922937    22.552    24.165  7 55054.93789143 23.356
  41  87.802047  64.920768     8.742     8.730  7 55064.85352862 42.730
  42  87.801668  64.919452    20.554    19.427  8 55074.76917583 29.797
  43  87.801499  64.919303    23.096    24.204  8 55084.68482372 20.709
  44  87.801879  64.920247    23.437    24.060  8 55094.60047017 21.347
  45  87.800976  64.920802    11.064    11.702  8 55104.51611636 28.583
  46  87.802569  64.921083    26.312    26.174  8 55114.43176254 17.982
  47  87.801556  64.920108    19.649    19.655  8 55124.34740596 21.506
  48  87.802631  64.919345     8.129     8.130  8 55134.26304679 47.116
  49  87.802378  64.918844     9.731     9.728  7 55144.17868535 33.557
  50  87.800916  64.919266    12.196    12.527  7 55154.09432318 24.856
  51  87.802273  64.920319    13.073    13.026  7 55164.00996164 23.131
  52  87.800924  64.920880    14.889    14.805  7 55173.92559957 20.503
  53  87.802556  64.921118    14.039    14.221  7 55183.84123818 19.687
  54  87.802782  64.921869    15.474    14.677  8 55193.75688941 18.875
  55  87.800983  64.922820    15.145    14.949  7 55203.67253923 17.939
  56  87.803267  64.924430    15.995    16.495  7 55213.58818882 17.525
  57  87.803175  64.924697    17.658    17.538  8 55223.50383767 14.434
  58  87.802773  64.923341    17.174    17.366  8 55233.41948484 14.288
  59  87.801974  64.920923    17.391    17.564  7 55243.33512868 14.275
  60  87.802490  64.919474    17.331    17.353  7 55253.25076951 14.443
  61  87.800498  64.919405    19.124    18.858  8 55263.16640807 13.452
  62  87.801120  64.920845    18.835    19.236  7 55273.08204598 13.208
  63  87.801122  64.921282    18.318    17.926  7 55282.99768343 13.288
  64  87.801516  64.920124    18.414    17.995  8 55292.91331954 13.087
  66  87.802873  64.917679    15.829    17.654  7 55312.74460301 15.668
  67  87.801701  64.918418    10.738    10.668  8 55322.66024835 24.285
  68  87.801935  64.920222    17.067    17.761  7 55332.57589267 30.783
  69  87.800128  64.921411    22.001    21.961  7 55342.49153673 36.911
  70  87.801021  64.921684    18.916    18.921  8 55352.40718071 31.949
  71  87.801973  64.921489    18.288    18.343  8 55362.32282249 25.830
  72  87.802399  64.921687    19.906    20.141  7 55372.23846224 21.513
  74  87.801909  64.923423    14.566    14.916  8 55392.06973812 26.114
  75  87.802162  64.923062    10.723     9.369  7 55401.98537420 30.209
  76  87.801776  64.921388    22.535    23.783  7 55411.90102457 19.648
  77  87.801268  64.919021    11.906    12.063  8 55421.81667388 31.423
  78  87.800613  64.917685     9.035     9.032  7 55431.73232047 37.552
  79  87.801289  64.918924    22.066    22.060  8 55441.64796527 24.662
  80  87.801270  64.920812    22.927    23.023  7 55451.56360855 20.277
  81  87.802754  64.921968     9.977     9.961  8 55461.47925122 52.408
  82  87.801702  64.920542    21.477    20.150  7 55471.39489207 19.841
  83  87.800076  64.918185    10.116    10.207  7 55481.31052989 53.502
  84  87.801951  64.917025    15.856    17.216  8 55491.22616573 29.040
  85  87.800442  64.917460    11.830    12.062  8 55501.14179937 26.039
  86  87.801989  64.919947     8.183     8.137  7 55511.05744301 49.521
  87  87.800739  64.921763     9.827     9.801  7 55520.97309265 40.029
  88  87.801735  64.922445     9.309     9.326  7 55530.88874131 28.229
  89  87.800528  64.921736     8.950     8.957  8 55540.80438804 24.857
  90  87.802464  64.921765     9.865     9.281  7 55550.72003297 21.787
  91  87.802282  64.922692    10.916    10.377  8 55560.63567623 21.925
  93  87.801104  64.923813    13.463    13.644  8 55580.46696004 18.044
  94  87.803085  64.921847    13.966    14.212  7 55590.38259861 15.711
  95  87.799738  64.918108    15.373    15.046  7 55600.29823343 16.624
  96  87.801014  64.916324    16.261    16.057  7 55610.21386650 16.028
  97  87.801070  64.916968    16.218    16.317  8 55620.12949829 15.189
  98  87.802068  64.919993    19.535    17.437  7 55630.04514957 13.661
  99  87.802102  64.921484    17.582    16.971  8 55639.96080054 13.401
 100  87.801658  64.920396    18.673    18.197  7 55649.87644883 11.333
 101  87.801158  64.917999    20.080    19.845  7 55659.79209366 11.401
 102  87.801724  64.917042    11.980    12.252  8 55669.70773512 31.321
 103  87.802508  64.918427    16.538    17.106  7 55679.62337475 29.695
 104  87.802818  64.920835    18.984    18.853  7 55689.53901251 30.278
 105  87.803071  64.922362    18.455    18.402  7 55699.45464872 28.198
 106  87.801817  64.921984    17.548    17.560  8 55709.37028677 51.965
 107  87.801987  64.921423    12.644    12.612  7 55719.28593728 40.284
 108  87.801595  64.921370    21.886    21.450  8 55729.20158538 25.380
 109  87.802580  64.922263    11.351     9.295  8 55739.11723223 34.842
 110  87.801283  64.923028    24.635    25.121  8 55749.03287762 26.025
 111  87.800259  64.922730    11.784     9.882  8 55758.94852061 30.589
 112  87.801685  64.921280    16.458    18.846  7 55768.86416095 22.751
 113  87.801713  64.918745    20.949    19.687  7 55778.77979789 25.618
 114  87.800488  64.916854    10.420     9.446  7 55788.69543225 33.321
 115  87.801607  64.917335    21.522    22.148  7 55798.61106574 25.476
 116  87.802573  64.919407    22.013    22.482  8 55808.52671122 28.310
 117  87.801661  64.920875    10.547    10.224  7 55818.44236026 53.701
 118  87.802845  64.920386    19.393    19.899  7 55828.35800528 20.624
 119  87.800915  64.918201    23.436    24.426  8 55838.27364551 18.408
 120  87.802462  64.916978     8.720     8.572  7 55848.18928303 46.630
 121  87.801205  64.917614     9.023     8.984  7 55858.10491823 52.286
 122  87.801666  64.920324     7.955     7.958  7 55868.02056495 45.114
 123  87.802387  64.922757    10.115    10.110  8 55877.93621694 39.380
 133  87.800572  64.918585    18.472    18.195  8 55977.09264613 17.276
 134  87.800569  64.919622    18.127    17.852  7 55987.00828237 16.984
 135  87.799941  64.919807    18.278    18.155  7 55996.92392035 16.899
 136  87.802061  64.919705    18.285    18.201  8 56006.83957194 16.238
 137  87.800484  64.918451    18.019    18.016  7 56016.75521902 15.024
 139  87.800767  64.919849    16.044    16.205  8 56036.58650633 11.399
 141  87.802700  64.922721    11.789    11.761  8 56056.41778554 31.078
 142  87.803000  64.922470    18.858    18.881  8 56066.33341935 32.524
 143  87.800574  64.921905    17.979    17.993  7 56076.24906640 51.291
 144  87.802941  64.922469    16.358    16.382  7 56086.16471578 41.407
 145  87.801936  64.922459    24.198    24.392  8 56096.08036238 24.055
 146  87.800800  64.922013    21.968    19.920  8 56105.99600681 23.994
 147  87.800921  64.920893    10.516     8.166  8 56115.91163684 30.611
 148  87.800228  64.919445    19.171    18.967  7 56125.82727462 24.955
 149  87.802085  64.918368    10.772    11.925  8 56135.74290871 34.340
 150  87.801669  64.918338     8.540     7.609  8 56145.65855115 46.546
 151  87.801601  64.919271    21.854    22.193  8 56155.57420101 27.786
 152  87.800428  64.920101    20.146    19.993  7 56165.48984979 21.942
 153  87.800158  64.920272     7.433     7.360  7 56175.40549639 41.115
 154  87.801380  64.919849    20.994    20.000  8 56185.32113800 17.964
 155  87.802389  64.919111     8.753     6.696  7 56195.23677576 31.136
 156  87.802002  64.919087    21.458    20.460  7 56205.15241047 19.798
 157  87.800567  64.919863    13.913    12.346  7 56215.06804363 28.710
 158  87.803040  64.921582     6.769     6.731  7 56224.98368150 45.760
 159  87.802374  64.922540    13.508    13.315  8 56234.89933709 28.086
 160  87.800886  64.922397    15.608    15.867  8 56244.81498861 24.800
 161  87.800362  64.922088    16.609    17.027  8 56254.73063522 22.692
 162  87.802211  64.922576    16.728    16.757  7 56264.64627802 21.969
 165  87.802462  64.920975    16.803    17.008  8 56294.39321467 17.653
 166  87.801189  64.919138    17.105    17.040  8 56304.30886122 17.670
 167  87.802503  64.918930    16.795    17.017  8 56314.22450423 16.405
 168  87.799971  64.919639    17.225    17.265  7 56324.14014488 15.662
 169  87.800750  64.920967    17.028    17.246  8 56334.05578516 15.688
 170  87.802745  64.921106    17.558    17.498  7 56343.97142476 14.541
 171  87.800797  64.919544    17.455    17.395  8 56353.88706159 14.652
 172  87.802554  64.918776    17.169    17.245  7 56363.80270513 15.026
 173  87.801013  64.919067    17.593    17.622  7 56373.71835396 15.030
 175  87.800558  64.922697    18.376    19.044  8 56393.54964440 14.168
 176  87.802941  64.923667    25.076    24.081  7 56403.46528701 13.115
 177  87.801565  64.923056     9.235     9.250  7 56413.38092628 47.272
 178  87.803001  64.921956    19.028    19.052  7 56423.29656080 37.185
 179  87.801928  64.921677    20.640    20.685  7 56433.21220427 33.558
 180  87.802007  64.922625    17.740    17.692  8 56443.12785670 29.219
 181  87.802120  64.923576    19.753    20.005  8 56453.04350657 26.103
 182  87.802608  64.922989    12.110    12.078  8 56462.95915373 51.293
 184  87.802393  64.918947    21.637    20.356  7 56482.79043768 17.112
 185  87.801112  64.918252     8.879     8.981  7 56492.70607443 38.341
 187  87.802381  64.920586    20.894    19.796  8 56512.53734217 21.379
 188  87.800297  64.920703     9.019     8.005  8 56522.45298979 48.477
 189  87.801166  64.920026    10.076     9.136  8 56532.36864235 28.863
 191  87.801625  64.919261    13.417    13.955  8 56552.19993601 26.853
 192  87.800649  64.921135    18.442    18.544  7 56562.11557875 23.751
 193  87.801234  64.923422     8.556     8.514  7 56572.03122046 43.803
 194  87.803160  64.924518     7.520     7.532  8 56581.94686039 32.279
 195  87.802126  64.922919     7.521     7.499  7 56591.86249556 42.005
 196  87.801279  64.921470    10.698    10.652  7 56601.77814503 37.588
 197  87.800800  64.921102    11.034    10.748  8 56611.69379462 26.830
 198  87.800810  64.922184    14.665    15.001  8 56621.60943988 18.035
 199  87.801597  64.923234    14.121    14.458  8 56631.52508225 18.922
 200  87.802628  64.922610    13.536    13.671  7 56641.44072051 18.626
 201  87.801580  64.920305    17.393    17.423  7 56651.35636855 16.792
 202  87.799705  64.918120    16.552    16.574  7 56661.27201842 17.579
 203  87.802180  64.918317    16.670    16.012  7 56671.18766563 16.694
 205  87.800855  64.922121    14.229    14.030  8 56691.01895385 15.557
 206  87.801051  64.922194    13.818    14.030  8 56700.93459336 16.182
 207  87.801997  64.920270    15.979    16.073  7 56710.85022802 15.996
 208  87.801895  64.919017    17.661    17.566  7 56720.76587121 14.078
 209  87.802505  64.919839    26.334    18.758  8 56730.68152319 12.044
 211  87.801628  64.924594    19.128    18.208  8 56750.51281545 11.881
 212  87.800919  64.924901    14.617    14.920  8 56760.42845439 10.904
 213  87.802718  64.923429    11.720    10.526  7 56770.34408692 23.171
 214  87.800515  64.921800    13.098    13.080  7 56780.25973897 25.596
 215  87.802495  64.921821    19.175    19.228  8 56790.17539432 34.248
 216  87.801779  64.922711    19.579    19.613  8 56800.09104623 36.094
 217  87.801027  64.923727    17.215    17.225  8 56810.00669152 50.975
 219  87.802126  64.921362    16.746    16.654  8 56829.83796798 53.547
 220  87.802349  64.918621    20.870    19.780  7 56839.75360093 23.243
 221  87.801190  64.917427     9.800     9.729  8 56849.66923440 51.876
 222  87.801251  64.919491     9.865     8.950  8 56859.58488909 54.557
 223  87.800791  64.921960     9.034     9.045  7 56869.50054288 49.005
 224  87.800443  64.922873    11.993     9.889  8 56879.41619418 35.472
 225  87.800267  64.921973    22.199    19.772  8 56889.33184187 23.729
 226  87.802418  64.920912    24.063    24.164  7 56899.24748700 22.383
 227  87.802382  64.921237    13.895    14.074  7 56909.16312971 30.894
 228  87.801236  64.922903    24.614    25.181  8 56919.07877056 24.814
 229  87.804641  64.925220    12.694    11.970  8 56928.99440979 38.602
 230  87.802300  64.924975     8.951     8.949  7 56938.91004387 53.233
 231  87.801039  64.923138     8.503     8.399  8 56948.82567851 52.269
 232  87.802748  64.921972     7.848     7.829  7 56958.74133142 40.935
 233  87.802566  64.921336    14.882    13.428  7 56968.65697901 22.937
 234  87.803056  64.921821    14.727    14.999  7 56978.57262285 17.410
 235  87.802956  64.922347    17.193    16.720  7 56988.48826220 14.433
 236  87.801128  64.921330    17.046    16.923  8 56998.40389511 14.312
 237  87.802160  64.920352    18.124    18.049  8 57008.31954484 12.679
 238  87.801503  64.919064    18.588    18.559  7 57018.23519779 16.858
 239  87.801840  64.919014    19.165    17.540  8 57028.15084764 13.479
 240  87.802843  64.920548    17.844    17.677  7 57038.06649591 12.446
 241  87.802381  64.921987    18.036    18.225  8 57047.98214155 12.339
 242  87.803070  64.922548    17.907    17.904  7 57057.89778342 12.089
 243  87.801555  64.921354    18.347    18.599  8 57067.81341939 13.934
 244  87.800655  64.920287    24.932    25.420  7 57077.72905115 11.571
 245  87.802068  64.920409    19.543    18.003  8 57087.64468406 12.233
 246  87.801716  64.922555    18.360    18.343  8 57097.56034285 12.362
 247  87.803322  64.924679    18.694    18.605  7 57107.47599892 11.099
 248  87.802270  64.924871    17.399    17.196  7 57117.39164966 13.455
 249  87.802539  64.923815    20.666    20.178  8 57127.30729423  5.619
 250  87.802145  64.922325    10.117    10.127  7 57137.22293325 22.486
