# NaN NaN NaN ;Mean Elev.(m), Avg Gradient(m/km), RMS Gradient(m/km) - SRTM1     
#   11.475  -1.882   4.337 ;Mean Elev.(m), Avg Gradient(m/km), RMS Gradient(m/km) - ASTER GDEM
#   24.902  -0.473   3.757 ;Mean Elev.(m), Avg Gradient(m/km), RMS Gradient(m/km) - GMTED2010 
   1  88.761455  62.527535    20.808    19.775 15 54667.37376424 28.336
   2  88.756193  62.529616    19.800    19.791 16 54677.28940796 54.514
   3  88.747285  62.534029    -9.337   -11.404 16 54687.20504983 12.203
   4  88.738346  62.538293    19.526    19.519 16 54697.12068996 30.364
   5  88.739726  62.537617    -3.350    -3.840 17 54707.03633121  7.331
   6  88.756739  62.529756    19.987    19.281 16 54716.95198570 27.615
   7  88.772754  62.521968    10.368    12.338 13 54726.86763755 13.300
   8  88.778427  62.518854    21.259    20.363 13 54736.78328620 24.929
   9  88.776286  62.520291    25.126    25.722 13 54746.69893305 20.780
  10  88.772058  62.522922    23.032    23.273 14 54756.61457914 22.598
  11  88.768955  62.524062    19.552    19.550 14 54766.53022371 53.584
  12  88.774957  62.520904    18.945    18.931 14 54776.44586644 51.182
  13  88.782332  62.517207    18.879    18.857 13 54786.36150698 43.706
  14  88.781450  62.517556    21.322    21.311 13 54796.27714518 37.102
  17  88.751148  62.532105    23.985    23.869 16 54826.02406388 20.248
  18  88.761657  62.527731    23.649    23.666 15 54835.93970476 21.101
  19  88.764037  62.525936    24.085    24.014 14 54845.85535485 19.115
  20  88.766963  62.525236    24.357    24.302 14 54855.77100412 17.116
  21  88.758277  62.528838    24.429    24.479 15 54865.68665175 17.398
  22  88.755456  62.530066    24.056    23.982 15 54875.60229971 17.496
  23  88.762188  62.527518    24.028    24.087 15 54885.51794611 16.381
  24  88.770480  62.522854    23.991    24.076 14 54895.43358946 15.447
  25  88.782437  62.517374    23.852    23.789 13 54905.34923063 15.910
  26  88.784790  62.516439    24.133    23.898 13 54915.26486937 14.293
  27  88.777224  62.519951    81.148    81.058 13 54925.18050643  5.906
  28  88.767602  62.524528    22.585    22.617 14 54935.09614248 23.589
  29  88.761526  62.527293    23.475    23.449 14 54945.01177711 33.804
  30  88.763239  62.526468    25.357    25.324 14 54954.92741041 27.425
  31  88.772945  62.521763    31.580    31.739 14 54964.84305846 30.839
  32  88.776057  62.520168    28.284    28.323 14 54974.75870700 26.144
  33  88.769151  62.523344    29.249    29.221 14 54984.67435368 56.087
  34  88.762070  62.527220    83.832    84.034 15 54994.59000017  9.336
  35  88.755825  62.529807    22.511    22.512 15 55004.50564552 37.530
  36  88.757491  62.528977    24.004    24.143 15 55014.42128986 25.448
  37  88.761849  62.527181    21.061    21.076 14 55024.33693320 51.112
  38  88.762106  62.527612    19.763    19.748 15 55034.25257540 54.685
  39  88.752382  62.531416    19.818    19.779 16 55044.16821564 54.514
  40  88.749318  62.533155    19.920    19.863 17 55054.08385508 54.593
  41  88.752246  62.531585    19.664    19.646 16 55063.99949318 36.789
  42  88.765615  62.525556    19.807    19.774 14 55073.91514120 33.414
  43  88.776736  62.520240    19.816    19.801 13 55083.83079083 53.793
  44  88.778741  62.519098    20.429    19.652 13 55093.74643753 25.002
  45  88.775315  62.520527    19.820    19.812 13 55103.66208329 52.876
  46  88.774155  62.521558    19.930    19.935 14 55113.57772904 50.473
  47  88.773463  62.521679    19.494    19.508 13 55123.49337249 33.523
  48  88.777063  62.520064    19.108    19.116 14 55133.40901367 50.257
  49  88.779256  62.518737    18.999    19.002 13 55143.32465264 45.364
  50  88.777097  62.519809    22.010    21.986 14 55153.24029045 30.513
  51  88.769303  62.523570    22.797    22.775 14 55163.15592787 22.042
  52  88.759791  62.528362    23.263    23.218 15 55173.07156474 16.933
  53  88.749585  62.532691    23.315    23.271 17 55182.98720054 15.674
  54  88.753667  62.530904    23.658    23.644 16 55192.90285244 15.486
  55  88.756343  62.529464    23.509    23.526 15 55202.81850287 15.141
  56  88.759353  62.528590    23.300    23.338 15 55212.73415255 15.007
  57  88.757864  62.529007    23.503    23.435 16 55222.64980121 14.187
  58  88.764245  62.526318    23.339    23.256 15 55232.56544952 14.083
  59  88.769195  62.523382    23.374    23.304 14 55242.48109456 14.431
  60  88.779429  62.518884    23.336    23.113 13 55252.39673692 13.507
  61  88.782695  62.517245    23.170    22.858 13 55262.31237620 13.274
  62  88.777443  62.519677    23.205    22.957 14 55272.22801340 12.140
  63  88.773289  62.522166    81.266    81.217 14 55282.14365055  7.656
  64  88.768017  62.524305    27.034    24.419 14 55292.05928645 11.492
  65  88.767989  62.524278    21.651    21.569 14 55301.97492134 15.022
  66  88.774832  62.521010    21.365    21.354 13 55311.89057019 21.390
  67  88.775386  62.520531    23.683    23.646 13 55321.80621575 30.484
  68  88.773372  62.521850    32.835    32.791 14 55331.72185961 54.720
  69  88.768897  62.524301    29.276    29.465 14 55341.63750308 26.577
  70  88.763042  62.526679    26.652    26.638 15 55351.55314621 35.298
  71  88.762268  62.527365    23.659    23.747 15 55361.46878782 30.596
  72  88.757216  62.529083    26.662    26.651 15 55371.38442687 21.109
  74  88.747359  62.533871    20.824    20.913 17 55391.21570139 30.899
  75  88.742991  62.535751    20.504    20.494 17 55401.13133718 38.510
  76  88.753194  62.531262    20.164    20.143 16 55411.04698793 45.512
  77  88.766657  62.524636    20.194    19.944 14 55420.96263987 28.843
  78  88.778582  62.519205    19.817    19.829 13 55430.87828852 28.462
  79  88.780028  62.518643    21.747    21.456 14 55440.79393330 26.933
  80  88.774088  62.521450    19.987    19.946 13 55450.70957547 40.425
  81  88.768479  62.524056    20.260    20.239 14 55460.62521707 51.421
  82  88.769106  62.523552    21.435    20.409 14 55470.54085843 26.489
  83  88.774396  62.521111    20.645    20.636 13 55480.45649740 36.833
  84  88.776679  62.520015    20.275    20.261 13 55490.37213344 50.764
  85  88.769414  62.523226    18.951    18.904 14 55500.28776610 31.697
  86  88.763930  62.526451    19.035    18.941 14 55510.20340716 42.656
  87  88.758778  62.528692    18.414    18.401 15 55520.11905635 48.910
  88  88.757018  62.529255    20.632    20.600 15 55530.03470506 34.381
  89  88.760962  62.527559    20.405    20.402 14 55539.95035280 28.230
  90  88.763420  62.526524    21.096    21.116 14 55549.86599810 25.461
  91  88.760754  62.527660    22.504    22.491 15 55559.78164098 23.250
  92  88.754037  62.530667    22.628    22.642 16 55569.69728240 21.480
  93  88.750476  62.532018    22.594    22.584 16 55579.61292329 19.299
  94  88.759748  62.528171    22.503    22.457 15 55589.52856325 18.359
  95  88.772697  62.522537    22.494    22.461 14 55599.44420068 17.705
  96  88.776588  62.520374    22.250    21.977 14 55609.35983458 16.597
  97  88.771246  62.523112    22.119    21.873 14 55619.27546559 16.183
  98  88.762444  62.527162    22.194    22.032 15 55629.19111354 16.473
  99  88.758045  62.529095    22.211    22.101 15 55639.10676412 13.885
 100  88.764993  62.525924    37.580    41.556 15 55649.02241403  8.815
 101  88.777955  62.519745    26.102    24.724 14 55658.93806163  9.596
 102  88.782558  62.517041    21.700    21.679 13 55668.85370423 46.819
 103  88.777408  62.519730    29.102    29.120 14 55678.76934294 37.246
 104  88.763147  62.526674    27.374    27.407 14 55688.68497836 25.821
 105  88.747586  62.533430    24.678    24.535 17 55698.60061226 28.530
 106  88.746744  62.534367    24.494    24.497 17 55708.51624879 35.300
 107  88.754104  62.530699    21.126    21.097 16 55718.43190063 34.721
 108  88.758999  62.528328    19.593    19.601 15 55728.34754959 30.862
 109  88.758839  62.528701    19.428    19.401 15 55738.26319636 39.324
 110  88.755440  62.530488    20.119    20.077 16 55748.17884147 46.101
 111  88.754144  62.530844    20.930    20.200 16 55758.09448472 31.012
 112  88.761383  62.527474    20.313    19.459 15 55768.01012641 25.778
 113  88.773233  62.522024    22.333    22.168 14 55777.92576562 23.137
 114  88.777842  62.519565    19.627    19.401 13 55787.84140123 26.377
 115  88.772666  62.522363    20.769    20.754 14 55797.75703386 50.057
 116  88.762431  62.527061    20.644    20.651 15 55807.67267592 52.856
 117  88.756137  62.530054    20.644    20.590 16 55817.58832387 51.074
 118  88.760106  62.528251    19.741    19.765 15 55827.50396958 28.562
 119  88.768413  62.524090    19.058    19.073 14 55837.41961161 34.953
 120  88.776287  62.520441    19.774    19.183 14 55847.33525046 25.380
 121  88.769346  62.523737    21.729    19.271 14 55857.25088496 26.098
 122  88.755748  62.529795    18.469    18.477 15 55867.16652783 45.680
 123  88.746629  62.533953    18.217    18.186 17 55877.08217879 44.129
 133  88.776217  62.520318    22.218    21.913 13 55976.23861379 20.032
 134  88.762574  62.526723    22.718    22.874 14 55986.15424828 19.540
 135  88.751687  62.531741    22.956    22.827 16 55996.06988325 19.655
 136  88.759037  62.528365    21.791    21.384 15 56005.98553617 20.674
 137  88.774140  62.521698    22.252    21.438 14 56015.90118609 18.328
 139  88.774759  62.520961    21.679    21.709 14 56035.73247397 26.557
 141  88.748648  62.533236    26.069    26.034 17 56055.56374920 45.686
 142  88.743246  62.535901    26.362    26.175 16 56065.47938247 24.781
 143  88.747360  62.533502    28.160    25.840 17 56075.39502870 20.165
 144  88.756990  62.529446    22.877    22.864 16 56085.31067938 54.696
 145  88.759832  62.528185    20.495    19.956 15 56095.22632683 29.864
 146  88.758832  62.528725    19.162    19.170 16 56105.14197164 27.493
 147  88.762360  62.527437    19.148    18.804 15 56115.05760258 25.289
 148  88.762790  62.526688    18.271    18.293 14 56124.97324098 27.357
 149  88.769442  62.523934    18.829    18.782 14 56134.88887614 41.518
 150  88.773592  62.522089    18.286    18.312 14 56144.80451770 43.299
 151  88.770851  62.522624    18.153    18.171 14 56154.72016736 27.991
 152  88.768300  62.524245    18.456    18.442 14 56164.63581578 51.165
 153  88.763425  62.526364    18.396    18.362 14 56174.55146178 35.314
 154  88.764944  62.526004    18.417    18.435 14 56184.46710351 53.612
 155  88.768663  62.524039    17.700    17.691 14 56194.38274186 26.523
 156  88.770573  62.523188    18.385    17.467 14 56204.29837713 25.518
 157  88.762518  62.526897    17.824    17.436 15 56214.21400956 27.916
 158  88.748056  62.533680    17.417    17.390 17 56224.12964298 51.334
 159  88.744431  62.535414    17.411    17.416 16 56234.04529849 49.048
 160  88.746297  62.534414    18.746    18.750 17 56243.96095081 37.897
 161  88.754487  62.530835    19.438    19.432 16 56253.87659913 27.795
 162  88.756573  62.529507    19.860    19.827 15 56263.79224228 25.176
 164  88.757336  62.529233    21.892    21.996 15 56283.62352692 19.841
 165  88.765006  62.525886    22.667    22.657 14 56293.53917932 17.938
 166  88.773535  62.521672    23.118    23.292 13 56303.45482753 16.025
 167  88.778047  62.519246    22.667    22.624 14 56313.37047115 15.716
 168  88.777991  62.519615    23.379    23.588 14 56323.28611204 14.005
 169  88.772197  62.522680    22.992    23.314 14 56333.20175157 14.026
 170  88.765649  62.525633    23.224    23.358 14 56343.11739056 13.500
 171  88.762133  62.527129    22.962    23.005 14 56353.03302768 14.269
 172  88.766999  62.525109    22.943    22.974 14 56362.94867054 13.929
 173  88.769447  62.523311    23.498    23.458 14 56372.86432015 12.884
 176  88.757647  62.529248    19.447    19.492 15 56402.61125153 27.414
 177  88.751819  62.531865    20.791    20.764 17 56412.52689039 42.940
 178  88.748443  62.533342    30.427    30.427 17 56422.44252464 43.249
 179  88.749950  62.532708    27.458    27.366 17 56432.35816643 24.393
 180  88.757099  62.529592    26.904    26.886 16 56442.27382001 21.947
 181  88.760424  62.528141    24.097    24.048 15 56452.18947057 56.440
 182  88.764438  62.526188    22.962    21.840 14 56462.10511881 32.172
 183  88.771747  62.522804    21.298    20.799 14 56472.02076420 30.227
 184  88.775517  62.520544    19.882    19.889 14 56481.93640565 33.815
 185  88.776121  62.520402    19.974    19.927 13 56491.85204281 48.017
 187  88.756859  62.529576    19.047    19.003 16 56511.68330747 34.648
 188  88.754124  62.530777    19.101    19.091 16 56521.59895293 43.442
 189  88.762413  62.527229    18.924    18.941 15 56531.51460682 28.179
 191  88.771721  62.522630    20.000    19.740 13 56551.34590207 26.290
 192  88.766029  62.525268    20.233    19.538 14 56561.26154400 26.009
 193  88.756125  62.529890    19.755    19.242 16 56571.17718429 27.211
 194  88.746011  62.534363    18.582    18.400 17 56581.09282302 30.737
 195  88.744735  62.535365    18.358    18.337 17 56591.00845880 43.231
 196  88.751474  62.532064    19.278    19.268 17 56600.92410789 50.885
 197  88.759430  62.528354    19.657    19.636 15 56610.83975909 49.534
 198  88.757603  62.529073    21.404    21.378 16 56620.75540421 47.476
 199  88.756362  62.530135    23.522    23.504 16 56630.67104625 35.084
 200  88.755089  62.530541    23.923    23.918 16 56640.58668463 21.021
 201  88.765532  62.525624    23.640    23.699 14 56650.50233293 20.792
 202  88.777320  62.519673    23.392    23.469 14 56660.41798517 21.029
 203  88.782514  62.517449    23.611    23.817 13 56670.33363300 18.197
 205  88.763725  62.526550    24.238    24.296 14 56690.16491872 17.376
 206  88.759308  62.528697    23.966    24.003 15 56700.08055827 18.579
 207  88.761746  62.527308    24.267    24.361 14 56709.99619412 16.755
 208  88.770265  62.523561    23.996    24.076 14 56719.91183694 15.822
 209  88.773206  62.521911    80.293    80.413 13 56729.82748960  6.169
 211  88.753030  62.531234    80.825    80.937 17 56749.65877918  7.467
 212  88.746338  62.534515    22.539    22.604 17 56759.57441758 29.798
 213  88.744463  62.535191    24.083    24.096 16 56769.49005036 25.330
 214  88.755390  62.530006    31.415    31.368 15 56779.40570184 39.098
 215  88.766346  62.525163    28.595    28.590 15 56789.32135888 56.022
 216  88.767927  62.524233    27.102    27.109 14 56799.23701134 42.584
 217  88.766986  62.525279    27.009    26.933 14 56809.15265717 20.691
 219  88.770586  62.523501    24.104    24.107 14 56828.98393515 37.142
 220  88.773942  62.521231    83.877    84.026 14 56838.89956933  6.448
 221  88.773170  62.521897    19.852    19.843 13 56848.81520091 54.466
 222  88.769871  62.523460    19.209    19.225 14 56858.73085493 33.686
 223  88.760447  62.527799    20.487    19.835 15 56868.64650702 27.948
 224  88.758963  62.528620    20.411    19.881 15 56878.56215809 31.907
 225  88.768120  62.524661    19.894    19.879 14 56888.47780731 32.293
 226  88.776561  62.520195    20.329    20.292 13 56898.39345384 38.633
 227  88.777545  62.519603    21.573    21.308 13 56908.30909686 23.760
 228  88.767454  62.524529    22.198    23.189 14 56918.22473637 26.498
 229  88.750004  62.532445    20.157    20.166 17 56928.14037291 38.252
 230  88.740383  62.537066    20.443    20.157 16 56938.05600642 31.909
 231  88.742203  62.536515    19.273    19.227 17 56947.97163956 49.151
 232  88.756295  62.529612    18.202    18.213 15 56957.88729508 49.748
 233  88.766166  62.525083    18.917    18.921 14 56967.80294457 50.650
 234  88.764986  62.525845    22.124    22.103 15 56977.71858842 23.892
 235  88.756252  62.529784    23.789    23.935 15 56987.63422671 16.589
 236  88.749209  62.532727    24.148    24.052 17 56997.54985922 14.928
 237  88.760494  62.527937    21.653    21.662 15 57007.46550799 19.974
 238  88.774407  62.521265    21.878    21.842 14 57017.38116351 21.166
 239  88.780182  62.518502    23.684    23.622 14 57027.29681449 14.192
 240  88.772707  62.521847    23.628    23.422 14 57037.21246187 14.561
 241  88.763947  62.526351    24.021    23.933 15 57047.12810648 12.823
 242  88.755310  62.530056    23.969    23.981 15 57057.04374755 12.940
 243  88.757375  62.529083    21.423    21.111 15 57066.95938465 17.605
 244  88.762070  62.527395    21.066    21.168 15 57076.87501766 16.490
 245  88.755495  62.530036    21.057    21.060 15 57086.79064715 18.033
 246  88.752883  62.531273    21.501    21.349 17 57096.70630560 16.705
 247  88.745834  62.534280    21.773    21.424 17 57106.62196056 20.052
 248  88.745235  62.534900    21.772    21.622 16 57116.53761159 17.877
 249  88.749788  62.532467    83.204    83.004 17 57126.45325718  1.883
 250  88.759714  62.528091    22.591    22.605 15 57136.36889814 35.331
