# NaN NaN NaN ;Mean Elev.(m), Avg Gradient(m/km), RMS Gradient(m/km) - SRTM1     
#  -16.606  -9.492   8.958 ;Mean Elev.(m), Avg Gradient(m/km), RMS Gradient(m/km) - ASTER GDEM
#    1.032  -1.139   4.985 ;Mean Elev.(m), Avg Gradient(m/km), RMS Gradient(m/km) - GMTED2010 
   1  88.038916  65.563346    18.563    20.441  7 54665.34192339 21.816
   2  88.035067  65.564672     7.881     7.785  7 54675.25756765 53.455
   3  88.035601  65.566234   -19.587   -19.633  7 54685.17321090  5.904
   4  88.037998  65.567155    22.114    22.847  6 54695.08885285 17.852
   5  88.034802  65.566877   -16.224   -16.274  7 54705.00449185 11.431
   6  88.039397  65.563828    16.165    16.349  7 54714.92014407 18.594
   7  88.033544  65.561791     3.268     3.820  7 54724.83579392 14.201
   8  88.035444  65.560688    13.392    13.772  8 54734.75144233 22.179
   9  88.031576  65.562268     7.124     7.057  6 54744.66708892 53.528
  10  88.036158  65.563257     6.951     6.934  7 54754.58273588 53.100
  11  88.033354  65.563339     5.706     5.677  7 54764.49838123 28.317
  12  88.035785  65.561141     6.009     6.007  7 54774.41402440 42.000
  13  88.035207  65.559448     7.434     7.394  7 54784.32966471 37.366
  14  88.034367  65.559850     7.045     7.028  8 54794.24530305 31.387
  17  88.036637  65.564634    12.086    12.219  7 54823.99222251 17.239
  18  88.035235  65.563549    13.807    14.554  7 54833.90786245 16.450
  19  88.034074  65.563153    10.975     9.403  7 54843.82351234 17.162
  20  88.034235  65.563995    12.845    12.966  7 54853.73916129 15.498
  21  88.035307  65.565596    13.811    13.745  7 54863.65481004 14.126
  22  88.039003  65.565936    13.802    13.710  7 54873.57045888 13.465
  23  88.036955  65.565038    13.574    13.680  6 54883.48610490 13.201
  24  88.034076  65.562670    13.985    13.830  7 54893.40174753 13.356
  25  88.034422  65.560351     7.354     6.375  8 54903.31738777 17.502
  26  88.035713  65.560104    13.756    13.435  8 54913.23302675 12.323
  27  88.035498  65.561734    14.353    14.729  8 54923.14866476 12.521
  28  88.036733  65.563308    23.574    23.444  7 54933.06430212 10.760
  29  88.036574  65.563441    13.585    13.372  7 54942.97993759 13.145
  30  88.035187  65.562136     9.842     8.973  8 54952.89557107 22.895
  31  88.035373  65.560220    12.953    12.938  8 54962.81121480 38.558
  32  88.035615  65.560178    15.556    15.658  7 54972.72686338 29.872
  33  88.037568  65.561768    18.767    18.695  7 54982.64251108 42.144
  34  88.039394  65.563649    76.776    75.963  7 54992.55815847 18.968
  35  88.034429  65.564705    17.824    17.856  7 55002.47380446 26.039
  36  88.038595  65.563851    20.221    20.950  7 55012.38944952 23.884
  37  88.036036  65.563401    12.025     9.856  8 55022.30509254 25.989
  38  88.037209  65.563896    14.676    15.268  7 55032.22073501 19.911
  39  88.038165  65.565145    15.561    15.943  7 55042.13637675 23.240
  40  88.035416  65.566339    10.707     9.414  7 55052.05201663 27.627
  41  88.037252  65.565291     6.818     5.082  7 55061.96765485 32.748
  42  88.035850  65.562976     6.754     5.634  8 55071.88329807 26.510
  43  88.034080  65.560753     6.779     5.512  7 55081.79894664 26.772
  44  88.033765  65.560295     7.748     7.765  7 55091.71459358 29.308
  45  88.033275  65.561543     6.022     6.027  7 55101.63023992 44.753
  46  88.034965  65.562883    25.287    25.126  7 55111.54588605 18.311
  47  88.033254  65.563035    15.483    14.988  7 55121.46152982 26.586
  48  88.035753  65.561275     5.666     5.659  7 55131.37717123 49.035
  49  88.033677  65.559795     7.707     7.627  7 55141.29281023 43.170
  50  88.033745  65.559989     6.798     6.840  8 55151.20844868 36.328
  51  88.037531  65.561665    13.173    13.505  7 55161.12408751 22.559
  52  88.035722  65.564087    13.476    13.652  7 55171.03972541 19.715
  53  88.034614  65.565317    13.987    14.168  7 55180.95536195 17.386
  54  88.035185  65.564610    13.133    13.070  7 55190.87101076 17.627
  55  88.034694  65.564188    13.307    13.191  7 55200.78666103 16.859
  56  88.033985  65.564477    13.551    13.402  7 55210.70231054 16.800
  57  88.039350  65.564637    13.582    13.722  7 55220.61796013 13.713
  58  88.035959  65.564566    14.053    14.292  7 55230.53360789 13.352
  59  88.036385  65.563321    14.355    14.287  7 55240.44925283 12.928
  60  88.034430  65.561649    14.346    14.156  7 55250.36489401 13.127
  61  88.034955  65.560358    14.373    14.793  7 55260.28053313 12.932
  62  88.034003  65.560632    14.582    14.513  7 55270.19617126 11.893
  63  88.034249  65.561700    13.902    13.694  7 55280.11180941 12.640
  64  88.036457  65.562433    18.697    16.479  7 55290.02744650 11.738
  65  88.033260  65.562919    16.112    15.808  7 55299.94308075 11.789
  66  88.036874  65.561407    27.269    29.442  7 55309.85872637  8.826
  67  88.034825  65.560561    11.685    11.836  8 55319.77437199 15.089
  68  88.034983  65.560700    10.900    10.901  7 55329.69001670 32.343
  69  88.035038  65.562139    17.266    17.236  7 55339.60566105 35.901
  70  88.038483  65.563365    18.281    18.249  7 55349.52130543 51.847
  71  88.037117  65.564342    17.688    17.788  7 55359.43694737 23.537
  72  88.038972  65.564249    17.117    17.172  7 55369.35258751 27.282
  73  88.036347  65.564576    20.950    24.104  7 55379.26822575 20.471
  74  88.037649  65.564962     7.806     7.817  7 55389.18386366 40.192
  75  88.036850  65.565470    19.206    18.230  6 55399.09950038 21.096
  76  88.036725  65.564765     7.553     7.609  6 55409.01514656 50.688
  77  88.035880  65.562949     6.850     6.422  8 55418.93079728 36.271
  78  88.035443  65.561170    12.617    12.999  7 55428.84644462 21.643
  79  88.034314  65.560758     8.726     8.547  8 55438.76208919 46.910
  80  88.033705  65.561501    21.381    23.167  7 55448.67773232 18.192
  81  88.033521  65.562247     8.009     7.762  7 55458.59337517 31.239
  82  88.033131  65.562385     7.170     6.650  7 55468.50901728 34.158
  83  88.037058  65.561367     9.020     8.788  7 55478.42465658 33.404
  84  88.037063  65.560822     6.770     6.756  7 55488.34029251 49.557
  85  88.038366  65.560806     8.116     6.257  7 55498.25592629 53.427
  86  88.037315  65.562025    13.283    13.779  7 55508.17156462 30.703
  87  88.035951  65.563083     6.267     6.267  7 55518.08721474 38.227
  88  88.034306  65.564038     6.414     6.422  7 55528.00286392 32.532
  89  88.037370  65.563954     5.968     5.993  7 55537.91851166 27.939
  90  88.036374  65.564086     8.493     9.614  7 55547.83415675 21.055
  91  88.037785  65.564277    10.543    10.747  7 55557.74980025 19.585
  92  88.038695  65.564820    11.625    12.017  7 55567.66544280 18.747
  93  88.034611  65.565114    13.931    14.389  7 55577.58108412 16.144
  94  88.034054  65.563817    14.418    14.580  7 55587.49672372 16.387
  95  88.034515  65.561897    15.232    14.459  7 55597.41236036 16.232
  96  88.033742  65.561019    15.013    14.980  7 55607.32799405 15.205
  97  88.037270  65.561239    14.177    14.242  7 55617.24362610 14.206
  98  88.034578  65.562908    17.345    17.349  7 55627.15927032 14.048
  99  88.034769  65.563297    16.016    16.966  7 55637.07492196 14.486
 100  88.036930  65.562343    25.272    25.133  7 55646.99057181  8.721
 101  88.033832  65.561039    15.310    15.350  7 55656.90621836 11.802
 102  88.035570  65.560129     7.735     6.485  7 55666.82186100 12.633
 103  88.033489  65.561076     8.591     8.625  7 55676.73750031 35.064
 104  88.034146  65.562866    17.698    17.688  7 55686.65313795 54.245
 105  88.039473  65.563984    17.912    17.906  7 55696.56877486 41.989
 106  88.035891  65.564940    16.254    16.301  7 55706.48440969 28.578
 107  88.034885  65.564428    18.804    17.066  7 55716.40005952 22.347
 108  88.035119  65.564099    15.807    16.362  7 55726.31570824 20.867
 109  88.035082  65.564676    19.271    19.913  7 55736.23135514 18.966
 110  88.039866  65.565036    11.821    12.289  7 55746.14700124 23.180
 111  88.036254  65.565122    17.578    16.396  7 55756.06264471 23.545
 112  88.034544  65.563535    14.552    15.128  7 55765.97828597 24.342
 113  88.034629  65.561244    20.466    22.140  7 55775.89392451 19.519
 114  88.036180  65.559960    15.283    16.549  7 55785.80956022 20.496
 115  88.034857  65.561350    17.932    17.538  7 55795.72519355 18.634
 116  88.033709  65.563439     8.258     8.021  7 55805.64083309 33.800
 117  88.036505  65.563989    10.365     9.087  8 55815.55648248 26.314
 118  88.036919  65.562756    19.296    17.858  7 55825.47212903 18.757
 119  88.035003  65.561164    17.762    17.241  7 55835.38777089 18.958
 120  88.034921  65.560302    20.690    17.180  8 55845.30340938 21.744
 121  88.034919  65.561730    16.216    16.464  8 55855.21904501 24.606
 122  88.038704  65.563662     5.793     5.840  7 55865.13468560 44.539
 123  88.036811  65.565179     8.020     8.017  7 55875.05033843 40.310
 133  88.034774  65.560643    16.188    16.399  8 55974.20677262 15.670
 134  88.037692  65.562942    16.259    16.074  7 55984.12240903 16.429
 135  88.037060  65.564546    16.101    16.440  7 55994.03804289 15.234
 136  88.038095  65.563149    16.557    16.401  7 56003.95369394 15.812
 137  88.034580  65.560946    16.517    16.633  8 56013.86934259 15.315
 139  88.035542  65.561131    16.857    16.311  7 56033.70063154 10.640
 141  88.037418  65.565694     8.206     8.008  7 56053.53191108 26.496
 142  88.039424  65.565697    15.529    15.441  7 56063.44754638 35.657
 143  88.039027  65.564466    17.995    17.973  7 56073.36318840 23.562
 144  88.036421  65.563727    19.880    17.805  8 56083.27883817 23.575
 145  88.038170  65.563764    15.115    16.469  7 56093.19448591 25.456
 146  88.034687  65.564954    14.773    13.539  7 56103.11013092 23.575
 147  88.035090  65.564693    13.689    13.601  7 56113.02576192 21.488
 148  88.035503  65.563335     9.764     9.316  7 56122.94140083 24.670
 149  88.033289  65.561590     5.241     5.278  7 56132.85703561 44.202
 150  88.034929  65.560509     4.866     4.913  7 56142.77267339 34.933
 151  88.034145  65.561135     4.629     4.647  7 56152.68832396 38.926
 152  88.034336  65.562838     4.662     4.670  7 56162.60397301 41.160
 153  88.037168  65.563681     4.469     4.453  7 56172.51962036 42.946
 154  88.034070  65.563405     5.196     5.234  7 56182.43526241 52.479
 155  88.035630  65.561672     4.999     4.963  8 56192.35090121 43.377
 156  88.036277  65.560748     4.797     4.774  7 56202.26653719 37.019
 157  88.037883  65.561975    11.265     9.726  7 56212.18217131 33.487
 158  88.035381  65.564951     3.870     3.856  7 56222.09780306 44.248
 159  88.038896  65.566206     7.218     5.843  7 56232.01345796 40.014
 160  88.037333  65.566137     6.924     6.290  7 56241.92911038 32.999
 161  88.034788  65.565080     6.069     4.652  7 56251.84475847 28.577
 162  88.039147  65.563586    12.463    13.394  7 56261.76040253 24.185
 163  88.035011  65.563951    12.614    13.713  7 56271.67604358 22.743
 164  88.034464  65.564441    15.287    15.110  7 56281.59168458 19.323
 165  88.037535  65.563888     7.728     6.519  7 56291.50733702 23.858
 166  88.038400  65.562372    13.534    13.478  7 56301.42298483 16.528
 167  88.033722  65.561028    12.976    12.797  7 56311.33862795 17.372
 168  88.034734  65.560242    11.824    11.823  7 56321.25426938 17.180
 169  88.035570  65.561164    11.359    12.438  7 56331.16991013 18.562
 170  88.033438  65.562978    12.759    13.256  7 56341.08555007 15.462
 171  88.037558  65.563638     7.623     8.976  7 56351.00118837 20.055
 172  88.036493  65.563207    13.657    13.681  7 56360.91682702 15.529
 173  88.036489  65.561745    12.811    13.342  7 56370.83247680 15.018
 174  88.034909  65.561434     9.588     9.999  7 56380.74812370 19.625
 175  88.037541  65.562492    11.991    11.763  7 56390.66376870 15.148
 176  88.039200  65.564213    13.714    14.483  7 56400.57941189 14.175
 177  88.038549  65.565513    13.528    13.430  7 56410.49505222 19.231
 178  88.035216  65.565929    12.014    10.868  7 56420.41068752 35.341
 179  88.036797  65.565225    19.662    19.603  6 56430.32632470 35.608
 180  88.037950  65.564256    17.942    17.979  7 56440.24197799 26.077
 181  88.037413  65.563888    16.351    16.206  7 56450.15762865 24.566
 182  88.036369  65.563666    17.611    19.347  7 56460.07327704 20.099
 183  88.037703  65.562596    12.859    12.135  7 56469.98892237 21.584
 184  88.037141  65.561754    16.284    15.717  7 56479.90456371 18.504
 185  88.035106  65.561374     6.523     6.538  8 56489.82020091 32.952
 187  88.033997  65.562832     5.196     5.188  7 56509.65146909 50.572
 188  88.037892  65.563262     4.874     5.001  7 56519.56711115 31.707
 189  88.036688  65.563256     5.116     4.995  7 56529.48276469 29.962
 190  88.034332  65.563007    16.314    15.575  7 56539.39841408 20.945
 191  88.036828  65.562235     6.998     7.021  7 56549.31405971 48.155
 192  88.037025  65.562554    15.093    15.304  7 56559.22970271 21.002
 193  88.037150  65.563692    17.187    17.156  7 56569.14534474 23.854
 194  88.037557  65.565214     4.936     4.808  7 56579.06098550 29.405
 195  88.039085  65.565847     5.290     5.176  7 56588.97662258 46.928
 196  88.037334  65.565557     6.287     6.186  6 56598.89226656 35.730
 197  88.038446  65.564336    11.012    11.080  7 56608.80791768 21.773
 198  88.036023  65.564345     7.062     7.008  7 56618.72356350 26.270
 199  88.038725  65.564241     6.417     6.472  7 56628.63920651 26.745
 200  88.039600  65.563920     8.308     7.384  7 56638.55484637 20.731
 201  88.037993  65.562783     8.724    10.089  7 56648.47049009 23.858
 202  88.033162  65.561498     9.707     9.736  7 56658.38614124 20.258
 203  88.034427  65.560752    10.742    11.170  8 56668.30178881 16.904
 205  88.036648  65.563039    15.196    15.209  7 56688.13307750 14.038
 206  88.034270  65.563730    15.294    15.500  7 56698.04871858 13.795
 207  88.033856  65.563228    16.855    17.425  7 56707.96435528 12.734
 208  88.034016  65.562488    15.379    14.682  7 56717.87999253 12.602
 209  88.035961  65.562184    85.438    85.596  8 56727.79564547  1.532
 211  88.036923  65.565124    23.517    24.962  7 56747.62693930 12.362
 212  88.039640  65.565677     6.059     6.120  7 56757.54258017  9.961
 213  88.034603  65.565898     7.516     7.441  7 56767.45821442 30.472
 214  88.035881  65.564642     8.569     8.585  7 56777.37385900 24.487
 215  88.038368  65.563663    16.787    16.745  7 56787.28951545 32.495
 216  88.037308  65.563813    19.977    19.980  7 56797.20516798 45.325
 217  88.035578  65.564295    17.883    17.928  7 56807.12081528 27.339
 219  88.037903  65.562089    15.784    15.790  7 56826.95209472 34.821
 220  88.035155  65.560994    75.320    74.876  7 56836.86772899 16.531
 221  88.034605  65.561427    19.923    20.333  8 56846.78336032 21.759
 222  88.035439  65.562492     6.679     6.621  7 56856.69901047 46.207
 223  88.037360  65.563713    18.922    17.074  7 56866.61466396 18.514
 224  88.037968  65.563664    17.835    16.940  7 56876.53031606 18.773
 225  88.037414  65.562716     6.438     6.484  7 56886.44596499 48.583
 226  88.035474  65.561640    22.602    23.456  8 56896.36161103 19.049
 227  88.038003  65.561652    23.940    24.000  7 56906.27725451 17.032
 228  88.034467  65.563776    24.348    24.991  7 56916.19289519 19.901
 229  88.035023  65.565925     7.259     7.299  7 56926.10853436 40.990
 230  88.037880  65.566696    22.064    24.645  7 56936.02417050 19.734
 231  88.037347  65.566150    10.650    11.933  7 56945.93980109 35.946
 232  88.034990  65.564277     5.481     5.470  7 56955.85545326 36.441
 233  88.036607  65.562978     9.172    10.227  7 56965.77110264 26.371
 234  88.038027  65.563524    15.928    15.615  7 56975.68674750 16.955
 235  88.037627  65.564819    13.133    13.367  7 56985.60238767 16.032
 236  88.037256  65.564892    12.939    12.995  7 56995.51802242 16.158
 237  88.038235  65.562903    12.734    12.795  7 57005.43366465 16.054
 238  88.035098  65.560710    14.585    14.553  7 57015.34931949 15.984
 239  88.036262  65.560129    16.200    16.775  7 57025.26497036 12.780
 240  88.036820  65.562018    16.518    16.714  7 57035.18061890 13.188
 241  88.036089  65.564163    16.623    17.212  7 57045.09626478 12.672
 242  88.034246  65.564852    16.513    16.582  7 57055.01190758 11.050
 243  88.037594  65.563242    21.455    23.842  7 57064.92754603 11.471
 244  88.033141  65.562749    24.495    24.092  7 57074.84317899  9.634
 245  88.035403  65.563331    24.781    24.782  7 57084.75880920 10.398
 246  88.034253  65.565325    24.890    24.734  7 57094.67446262 10.298
 247  88.037150  65.566686    24.042    24.944  7 57104.59011936 10.701
 248  88.036975  65.566940    20.054    17.537  7 57114.50577162 11.635
 249  88.034529  65.565606    13.738    15.016  7 57124.42141756 10.262
 250  88.035073  65.563716     7.650     7.105  7 57134.33705851 16.826
