# NaN NaN NaN ;Mean Elev.(m), Avg Gradient(m/km), RMS Gradient(m/km) - SRTM1     
#   40.233  -5.358  12.926 ;Mean Elev.(m), Avg Gradient(m/km), RMS Gradient(m/km) - ASTER GDEM
#   58.070  -4.778  11.053 ;Mean Elev.(m), Avg Gradient(m/km), RMS Gradient(m/km) - GMTED2010 
   1  91.327598  59.218751    58.709    58.706  5 54665.18020993 45.547
   2  91.326758  59.220377    57.931    57.931  5 54675.09585478 35.654
   4  91.326853  59.223001    58.241    58.191  5 54694.92714005 48.592
   6  91.326234  59.217989    57.733    57.784  5 54714.75842981 26.585
   8  91.327061  59.217642    58.456    58.519  5 54734.58972836 52.116
   9  91.324635  59.219858    58.210    58.070  5 54744.50537561 42.677
  10  91.324546  59.222091    73.434    74.880  5 54754.42102271 25.278
  11  91.323936  59.221075    57.711    57.734  5 54764.33666841 33.956
  12  91.326990  59.219108    57.816    57.912  5 54774.25231157 41.901
  13  91.325858  59.216009    57.529    57.583  5 54784.16795154 48.041
  14  91.325737  59.215817    57.445    57.377  6 54794.08358998 34.517
  17  91.325070  59.218575    63.328    63.387  5 54823.83050912 22.847
  18  91.325641  59.218854    61.959    62.168  6 54833.74614913 22.827
  19  91.326614  59.220482    62.433    62.622  5 54843.66179937 20.461
  20  91.325097  59.222301    62.089    61.725  5 54853.57744848 22.436
  21  91.324375  59.224820    62.554    62.508  5 54863.49309757 19.155
  22  91.326049  59.226621    62.632    62.649  5 54873.40874666 21.098
  23  91.326941  59.225376    62.214    62.233  5 54883.32439294 19.018
  24  91.325255  59.221242    62.462    62.537  5 54893.24003519 16.476
  25  91.325648  59.218874    69.818    70.064  5 54903.15567509 14.684
  26  91.325679  59.218894    64.935    62.788  6 54913.07131389 16.775
  27  91.327375  59.221239    61.985    62.242  5 54922.98695227 19.512
  28  91.324736  59.220747    67.669    63.876  5 54932.90258905 22.802
  29  91.326082  59.219046    64.036    64.041  5 54942.81822421 24.844
  30  91.326920  59.215264    62.306    62.301  5 54952.73385717 47.394
  31  91.325648  59.212768    62.444    61.865  6 54962.64949996 51.817
  32  91.325558  59.214223    71.732    74.241  5 54972.56514873 31.305
  33  91.325810  59.217233    71.008    71.356  6 54982.48079687 29.772
  35  91.324386  59.220239    73.630    75.222  5 55002.31209126 22.502
  36  91.324987  59.220599    59.421    59.407  5 55012.22773616 29.719
  37  91.326240  59.220808    58.990    58.946  5 55022.14337962 28.534
  38  91.326767  59.221947    58.404    58.400  5 55032.05902218 30.529
  39  91.323896  59.221890    58.578    58.604  5 55041.97466352 42.021
  40  91.325525  59.222112    59.090    59.177  6 55051.89030375 48.502
  41  91.326103  59.219771    58.832    58.846  5 55061.80594135 52.744
  42  91.327154  59.217546    58.924    58.928  5 55071.72158406 50.885
  43  91.324483  59.215374    58.710    58.729  5 55081.63723216 33.537
  44  91.324775  59.216622    75.229    75.229  5 55091.55287946 17.345
  45  91.325601  59.219441    68.025    63.457  5 55101.46852655 25.953
  46  91.326514  59.221785    58.942    58.943  5 55111.38417321 53.087
  47  91.325600  59.220702    58.689    58.673  6 55121.29981717 41.552
  48  91.327040  59.218709    58.461    58.473  5 55131.21545837 49.579
  49  91.325416  59.215828    58.115    58.206  5 55141.13109712 45.925
  50  91.327236  59.216759    58.343    58.389  5 55151.04673587 49.370
  51  91.325636  59.217617    58.112    58.173  5 55160.96237427 47.610
  52  91.327009  59.219305    60.375    60.278  5 55170.87801263 45.910
  53  91.326723  59.218863    62.489    62.502  5 55180.79364910 19.349
  54  91.325244  59.218783    62.466    62.509  5 55190.70929734 18.017
  55  91.326804  59.221139    62.570    62.550  5 55200.62494807 16.048
  56  91.326836  59.222981    62.660    62.632  5 55210.54059801 13.620
  57  91.325274  59.223521    67.610    67.943  6 55220.45624719 13.357
  58  91.326831  59.223795    68.094    68.033  5 55230.37189564 13.047
  59  91.325835  59.221709    72.507    73.144  5 55240.28754030 13.411
  60  91.324958  59.219420    69.617    69.030  5 55250.20318132 13.238
  61  91.324335  59.218253    65.360    62.127  5 55260.11882012 14.744
  62  91.327236  59.219518    62.802    61.969  5 55270.03445868 13.735
  63  91.324356  59.218615    73.444    74.247  5 55279.95009627 13.748
  64  91.325448  59.218387    75.975    75.998  5 55289.86573305  9.587
  65  91.324309  59.215886    76.066    75.967  5 55299.78136695 12.100
  66  91.325909  59.215388    61.640    61.642  6 55309.69701182 25.264
  67  91.327142  59.215843    61.435    61.448  5 55319.61265773 51.286
  68  91.325535  59.216461    72.286    73.176  5 55329.52830246 31.918
  69  91.324581  59.218125    61.755    61.772  5 55339.44394716 48.491
  70  91.323773  59.219112    72.028    74.559  5 55349.35959148 26.856
  71  91.325799  59.220323    71.846    70.994  5 55359.27523409 25.709
  72  91.324035  59.219652    60.265    60.308  5 55369.19087391 39.186
  73  91.326509  59.220765    73.454    74.970  5 55379.10651282 20.072
  74  91.324139  59.219839    59.404    59.436  5 55389.02215022 33.611
  75  91.326082  59.219696    75.200    75.248  5 55398.93778709 21.963
  76  91.325950  59.218173    74.742    74.787  5 55408.85343262 17.428
  77  91.325978  59.216956    58.825    58.827  5 55418.76908306 35.369
  78  91.325653  59.216257    58.856    58.873  6 55428.68473017 28.858
  79  91.323916  59.216520    58.667    58.597  5 55438.60037474 46.302
  80  91.323774  59.218088    73.709    75.433  5 55448.51601834 22.440
  81  91.325674  59.219518    73.436    74.970  5 55458.43166186 23.435
  82  91.326406  59.219095    73.312    74.950  5 55468.34730430 27.262
  83  91.326233  59.217003    58.344    58.333  5 55478.26294317 39.980
  84  91.325832  59.215048    73.452    75.089  5 55488.17857896 28.193
  85  91.324050  59.213561    58.508    58.332  5 55498.09421233 51.650
  86  91.324595  59.215121    75.293    75.314  5 55508.00985076 26.597
  87  91.324367  59.217524    58.057    57.929  5 55517.92550126 50.161
  88  91.326994  59.220053    57.443    57.387  5 55527.84115111 46.451
  89  91.326315  59.220362    61.035    60.936  5 55537.75679843 25.586
  90  91.324258  59.220157    64.308    61.768  5 55547.67244334 20.030
  91  91.325052  59.221871    74.534    74.593  5 55557.58808707 13.572
  92  91.327106  59.223865    74.038    74.089  5 55567.50373015 13.147
  93  91.324998  59.222101    74.396    74.337  5 55577.41937162 12.471
  94  91.325729  59.219445    74.622    74.668  5 55587.33501115 11.678
  95  91.326492  59.215990    73.930    73.831  5 55597.25064746 11.956
  96  91.324875  59.213334    74.300    74.554  5 55607.16628077 12.776
  97  91.326101  59.213778    70.589    70.982  6 55617.08191261 13.278
  98  91.324122  59.215350    64.224    61.641  5 55626.99755668 16.531
  99  91.326397  59.217753    74.497    74.300  5 55636.91320869 14.256
 100  91.325703  59.216955    75.777    75.857  5 55646.82885794  6.613
 101  91.325074  59.215241    75.848    75.822  5 55656.74450428  7.863
 102  91.325632  59.214996    61.012    61.095  5 55666.66014662 40.965
 103  91.325670  59.216139    61.235    61.225  5 55676.57578632 52.823
 104  91.325711  59.217943    60.613    60.547  5 55686.49142437 43.761
 105  91.326927  59.219198    69.819    67.304  5 55696.40706130 28.661
 106  91.325471  59.217428    68.237    67.166  5 55706.32269632 26.985
 107  91.327492  59.218312    58.572    58.545  5 55716.23834638 37.411
 108  91.325613  59.218649    59.472    58.292  5 55726.15399502 26.619
 109  91.325598  59.220644    58.530    58.583  5 55736.06964218 51.787
 110  91.325833  59.222454    68.250    64.948  5 55745.98528802 19.614
 111  91.325405  59.221884    59.142    59.165  6 55755.90093159 48.578
 112  91.323942  59.218175    68.576    73.055  5 55765.81657218 27.297
 113  91.326101  59.215323    58.795    58.781  5 55775.73221035 51.724
 114  91.324816  59.212850    75.277    75.293  5 55785.64784538 20.773
 115  91.324210  59.213464    59.530    59.478  5 55795.56347899 51.158
 116  91.326736  59.216609    73.395    74.952  5 55805.47911929 24.908
 117  91.325376  59.217513    71.657    72.268  5 55815.39476870 26.169
 118  91.326661  59.216535    58.474    58.555  5 55825.31041548 37.555
 119  91.327169  59.214468    58.088    58.154  5 55835.22605749 34.735
 120  91.326522  59.213111    63.328    63.223  5 55845.14169586 30.453
 121  91.324182  59.213328    72.238    70.948  5 55855.05733139 22.086
 122  91.325657  59.216615    58.157    58.057  6 55864.97297187 39.737
 123  91.326178  59.220009    57.877    57.856  5 55874.88862540 46.549
 133  91.324996  59.215696    71.710    71.924  5 55974.04505940 13.291
 134  91.325747  59.217777    74.809    74.874  5 55983.96069578  8.976
 135  91.325159  59.216864    74.607    74.463  5 55993.87632940  9.391
 136  91.326218  59.216473    75.004    74.870  5 56003.79197982  8.655
 137  91.326464  59.214965    76.001    76.034  5 56013.70762841 10.454
 139  91.326776  59.217849    75.470    75.401  5 56033.53891773 27.105
 141  91.323859  59.220505    73.921    75.489  5 56053.37019770 31.004
 142  91.325670  59.219708    69.435    70.008  6 56063.28583309 31.309
 143  91.324101  59.217286    73.777    75.389  5 56073.20147442 30.388
 144  91.326769  59.219124    70.293    68.661  5 56083.11712494 25.133
 145  91.325300  59.219862    58.824    58.624  5 56093.03277243 52.983
 146  91.324065  59.220507    58.314    58.332  5 56102.94841766 43.696
 147  91.325983  59.220615    57.850    57.829  5 56112.86404864 45.855
 148  91.325553  59.217874    58.174    58.098  5 56122.77968693 50.364
 149  91.324637  59.213839    58.236    58.115  5 56132.69532115 49.387
 150  91.325663  59.212747    59.668    57.909  6 56142.61095840 21.204
 151  91.325192  59.215044    58.042    58.085  5 56152.52660950 32.909
 152  91.326794  59.218657    70.530    71.244  5 56162.44225946 15.884
 153  91.324819  59.219070    59.663    61.136  5 56172.35790671 21.454
 154  91.325567  59.218045    57.478    57.473  5 56182.27354924 22.624
 155  91.324705  59.215511    57.638    57.633  5 56192.18918762 46.453
 156  91.326729  59.215284    57.385    57.440  5 56202.10482380 41.806
 157  91.326758  59.215981    62.811    63.957  5 56212.02045790 20.572
 158  91.327004  59.217209    57.450    57.402  5 56221.93609011 32.169
 159  91.325562  59.219590    56.845    56.759  6 56231.85174440 32.897
 160  91.324893  59.220231    56.759    56.782  5 56241.76739690 44.424
 161  91.325642  59.220326    57.778    57.763  5 56251.68304528 45.524
 162  91.325153  59.219496    57.249    57.232  5 56261.59868880 44.976
 163  91.324531  59.219214    60.020    60.034  5 56271.51433031 21.920
 164  91.325118  59.219410    60.490    60.486  5 56281.42997142 20.702
 165  91.324007  59.219596    60.696    60.675  5 56291.34562372 19.942
 166  91.326771  59.219748    60.479    60.450  5 56301.26127187 20.548
 167  91.325144  59.217450    60.562    60.564  5 56311.17691506 17.457
 168  91.325746  59.217030    60.363    60.364  5 56321.09255639 14.125
 169  91.325044  59.217591    60.205    60.231  5 56331.00819700 14.345
 170  91.324271  59.218058    61.670    60.168  5 56340.92383701 16.647
 171  91.326882  59.218501    62.452    62.995  5 56350.83947505 14.191
 172  91.325007  59.215890    66.541    68.826  5 56360.75511280 11.346
 173  91.324481  59.215875    74.942    75.201  5 56370.67076237  8.836
 175  91.324140  59.219740    76.241    76.303  5 56390.50205487 12.378
 176  91.324317  59.221299    74.355    75.721  5 56400.41769839 16.483
 177  91.326813  59.222352    74.987    75.006  5 56410.33333940 28.231
 178  91.323946  59.219485    75.508    75.556  5 56420.24897456 31.020
 179  91.325810  59.218758    60.789    60.767  5 56430.16461134 43.268
 180  91.324392  59.219858    73.670    75.262  5 56440.08026450 28.292
 181  91.326761  59.221991    73.304    74.720  5 56449.99591563 30.130
 182  91.325666  59.221374    71.658    70.903  5 56459.91156380 24.876
 183  91.324106  59.219335    59.602    59.533  5 56469.82720842 52.117
 184  91.324692  59.218011    58.887    58.853  5 56479.74284951 29.488
 185  91.325963  59.217209    58.851    58.877  5 56489.65848683 49.690
 187  91.323986  59.215017    58.909    58.686  5 56509.48975499 53.392
 188  91.326504  59.216025    58.608    58.644  5 56519.40539696 21.415
 189  91.323985  59.216001    58.717    58.728  5 56529.32105065 28.884
 190  91.325536  59.216994    69.906    69.865  5 56539.23670074 19.726
 191  91.325974  59.217731    58.411    58.347  5 56549.15234641 41.525
 192  91.327040  59.219813    58.503    58.490  5 56559.06798983 46.752
 193  91.325471  59.220765    58.326    58.318  6 56568.98363185 39.584
 194  91.325183  59.221432    58.307    58.387  5 56578.89927261 31.110
 195  91.325793  59.220193    58.384    58.413  5 56588.81490940 48.082
 196  91.325274  59.218832    73.422    74.975  5 56598.73055288 27.226
 197  91.326517  59.220019    57.255    57.250  5 56608.64620414 34.969
 198  91.325706  59.220861    57.694    57.616  5 56618.56185035 29.845
 199  91.324700  59.220906    57.420    57.432  5 56628.47749323 29.088
 200  91.324828  59.219594    57.193    57.236  5 56638.39313311 39.650
 201  91.326682  59.217919    57.325    57.364  5 56648.30877681 46.662
 202  91.327405  59.217471    57.558    57.664  5 56658.22442858 49.401
 203  91.324743  59.216825    62.145    62.225  5 56668.14007576 32.418
 205  91.325160  59.220234    62.041    62.009  5 56687.97136465 33.621
 206  91.324282  59.219232    62.320    62.340  5 56697.88700563 33.206
 207  91.324697  59.216850    61.851    61.879  5 56707.80264193 26.540
 208  91.325492  59.215285    61.499    61.485  5 56717.71827847 24.634
 211  91.325060  59.223678    70.855    71.006  5 56747.46522643 18.452
 212  91.326226  59.223739    62.788    62.761  5 56757.38086742 34.863
 213  91.326308  59.220814    75.198    75.199  5 56767.29650201 27.990
 214  91.324316  59.218448    64.135    60.978  5 56777.21214556 39.830
 215  91.326557  59.221205    73.343    74.702  5 56787.12780237 32.156
 216  91.326625  59.223822    60.868    59.612  5 56797.04345529 39.415
 217  91.325196  59.224619    59.394    59.431  6 56806.95910271 44.200
 219  91.325801  59.219585    58.969    58.962  5 56826.79038096 42.359
 221  91.325978  59.214677    58.721    58.631  5 56846.62164604 51.691
 222  91.327605  59.218044    58.145    58.173  5 56856.53729647 37.313
 223  91.324535  59.219733    58.538    58.491  5 56866.45294996 27.613
 224  91.324832  59.220675    58.884    58.854  5 56876.36860242 27.107
 225  91.325585  59.220461    58.561    58.622  5 56886.28425165 38.166
 226  91.325561  59.219641    75.122    75.195  5 56896.19989790 25.559
 227  91.327129  59.221354    58.466    58.452  5 56906.11554161 38.755
 228  91.324691  59.222811    58.066    58.085  5 56916.03118265 39.697
 229  91.324063  59.224200    71.504    72.153  5 56925.94682191 26.558
 230  91.323770  59.223098    58.399    58.286  5 56935.86245759 52.803
 231  91.327280  59.220582    58.438    58.446  5 56945.77808813 52.198
 232  91.326360  59.218821    57.425    57.576  5 56955.69373967 39.798
 233  91.325080  59.218609    57.100    57.072  5 56965.60938877 46.903
 234  91.325095  59.220429    57.069    57.112  5 56975.52503395 47.674
 235  91.324583  59.221334    57.027    56.941  5 56985.44067451 45.761
 236  91.325207  59.219514    59.483    59.468  5 56995.35630943 26.741
 237  91.326761  59.216731    60.192    60.218  5 57005.27195105 24.702
 238  91.325745  59.215230    60.074    60.040  6 57015.18760605 25.346
 239  91.323967  59.215559    59.869    59.856  5 57025.10325671 25.075
 240  91.325414  59.219339    60.005    60.005  5 57035.01890583 21.711
 241  91.326981  59.222202    59.769    59.796  5 57044.93455224 21.041
 242  91.325115  59.221077    59.538    59.526  5 57054.85019478 22.042
 243  91.325713  59.218580    59.643    59.671  5 57064.76583249 22.974
 244  91.326452  59.216674    59.644    59.638  5 57074.68146558 20.609
 245  91.324468  59.215126    59.692    59.703  5 57084.59709523 19.847
 246  91.324223  59.219172    59.732    59.706  5 57094.51274897 22.113
 247  91.327119  59.224299    75.543    75.561  5 57104.42840666 17.345
 248  91.326869  59.225086    72.751    72.733  5 57114.34405927 13.421
 249  91.326182  59.222765    67.229    68.813  5 57124.25970521 13.782
 250  91.327058  59.220768    60.987    60.980  5 57134.17534597 35.636
