# NaN NaN NaN ;Mean Elev.(m), Avg Gradient(m/km), RMS Gradient(m/km) - SRTM1     
#  -11.358  -0.360   6.524 ;Mean Elev.(m), Avg Gradient(m/km), RMS Gradient(m/km) - ASTER GDEM
#    1.286  -0.122   3.507 ;Mean Elev.(m), Avg Gradient(m/km), RMS Gradient(m/km) - GMTED2010 
   1  87.810485  65.810805    13.631    14.229  9 54668.30851992 24.046
   2  87.811043  65.811513     7.220     7.196  9 54678.22416425 42.947
   3  87.811026  65.813203   -12.799   -12.880  9 54688.13980727 15.996
   4  87.808235  65.814598     8.845    10.208  9 54698.05544812 27.536
   6  87.813355  65.811084     8.617     8.958  9 54717.88674285 24.474
   7  87.814755  65.808456     5.483     5.436  9 54727.80239228 32.586
   8  87.814035  65.807655    10.660    10.514  9 54737.71803983 24.205
   9  87.814442  65.808586    10.382    10.174  9 54747.63368713 28.149
  10  87.816220  65.809757    11.318    11.402  9 54757.54933417 26.215
  11  87.812038  65.810247     4.870     4.921  9 54767.46497865 30.546
  12  87.814912  65.808652     5.995     5.893  9 54777.38062057 46.823
  13  87.815212  65.807061     5.915     5.934 10 54787.29625985 35.165
  14  87.816891  65.806767     6.271     6.246 10 54797.21189818 28.449
  17  87.813623  65.811766     8.182     8.153  9 54826.95882209 18.527
  18  87.814784  65.811122    11.000    11.248  9 54836.87446138 17.143
  19  87.810382  65.811152    11.862    11.542  9 54846.79011046 15.882
  20  87.812285  65.811385    13.584    13.046 10 54856.70575947 16.467
  21  87.812104  65.812442    11.918    11.829  9 54866.62140826 15.538
  22  87.810556  65.812756    12.889    12.964  9 54876.53705639 15.842
  23  87.813471  65.811652    12.004    12.217  9 54886.45270203 15.136
  24  87.811564  65.809772    12.725    13.198  9 54896.36834384 15.604
  25  87.817055  65.807764    12.529    12.208  9 54906.28398369 15.329
  26  87.815915  65.807679    12.415    12.530 10 54916.19962173 14.780
  27  87.813997  65.808772    23.419    22.830 10 54926.11525947  8.497
  28  87.812088  65.809876    13.683    13.712  9 54936.03089655 10.339
  29  87.816090  65.809794     6.629     6.681  9 54945.94653232 24.430
  30  87.812834  65.809157     7.813     7.775  9 54955.86216484 23.832
  31  87.815748  65.807747    11.496    11.529  9 54965.77781323 37.422
  32  87.817382  65.807586    17.616    17.633  9 54975.69346123 48.713
  33  87.816660  65.808878    19.647    20.270  9 54985.60910880 28.252
  34  87.813430  65.810511    19.189    19.846 10 54995.52475616 29.722
  35  87.814003  65.811230    15.587    15.998  9 55005.44040236 25.295
  36  87.809891  65.811595    18.043    17.905  9 55015.35604598 20.852
  37  87.814635  65.811263     6.328     6.300  9 55025.27168902 29.487
  38  87.812965  65.812082    11.370    11.353  9 55035.18733097 24.309
  39  87.811100  65.812830     9.271     8.517  9 55045.10297214 23.270
  40  87.809276  65.812743     6.231     5.453  9 55055.01861161 28.828
  41  87.812728  65.811000     4.928     5.064  9 55064.93424935 29.794
  42  87.816191  65.809033     7.387     6.197  9 55074.84989724 26.951
  43  87.815343  65.808115     4.449     4.478 10 55084.76554510 25.243
  44  87.815618  65.808352    11.579    11.819 10 55094.68119139 23.422
  45  87.814932  65.808901     6.036     5.368 10 55104.59683743 28.928
  46  87.816497  65.808936    15.278    12.942  9 55114.51248346 21.765
  47  87.815082  65.808460    13.077    13.349  9 55124.42812680 24.301
  48  87.817143  65.807653     5.177     5.210  9 55134.34376771 46.268
  49  87.816216  65.807398     5.856     5.930  9 55144.25940621 32.139
  50  87.815804  65.808156     7.094     7.011  9 55154.17504410 24.622
  51  87.815873  65.809299     8.778     9.322  9 55164.09068239 22.282
  52  87.812646  65.810803    11.502    11.839  9 55174.00632013 19.476
  53  87.812323  65.811408    11.385    11.505 10 55183.92195873 17.759
  54  87.811489  65.811507    11.352    11.149  9 55193.83760986 17.622
  55  87.811620  65.811801    11.208    11.196  9 55203.75325978 17.426
  56  87.811838  65.812473    10.357     9.999  9 55213.66890901 17.304
  57  87.812206  65.812543    11.121    11.472  9 55223.58455780 15.810
  58  87.813963  65.811202    10.615    10.531  9 55233.50020520 15.936
  59  87.815573  65.809065    10.936    10.891  9 55243.41584941 16.517
  60  87.814826  65.807519    11.119    11.143 10 55253.33149022 16.094
  61  87.817545  65.807253    11.150    11.203  9 55263.24712925 15.085
  62  87.815103  65.808805    10.874    10.818 10 55273.16276681 14.920
  63  87.812443  65.809967    12.501    12.399  9 55283.07840405 15.835
  64  87.813409  65.809543    12.737    12.550  9 55292.99404039 15.746
  66  87.816937  65.806991    28.233    28.125  9 55312.82532459  8.182
  67  87.815085  65.807611    12.009    12.196  9 55322.74096981 15.016
  68  87.813983  65.809157    10.524    10.558  9 55332.65661378 30.041
  69  87.814372  65.810431    17.170    17.153  9 55342.57225785 33.383
  70  87.810600  65.810954    20.235    20.719  9 55352.48790127 28.296
  71  87.815423  65.810502    22.286    22.525  9 55362.40354335 24.630
  72  87.815547  65.810724    21.161    21.913  9 55372.31918301 23.151
  74  87.808794  65.813320    14.423    13.361  9 55392.15045815 22.984
  75  87.810118  65.813460    16.210    17.423  9 55402.06609440 22.521
  76  87.813442  65.811452    15.712    15.849  9 55411.98174548 22.700
  77  87.814931  65.808715    11.232    11.393  9 55421.89739526 25.646
  78  87.818044  65.806765     6.433     6.428  9 55431.81304237 54.460
  79  87.815737  65.807424    13.193    15.153 10 55441.72868675 26.252
  80  87.813271  65.809154    14.115    13.436  9 55451.64432954 26.908
  81  87.812756  65.810334     6.744     6.758  9 55461.55997180 30.770
  82  87.814498  65.809458     9.539     6.075  9 55471.47561287 27.624
  83  87.814898  65.807821     6.369     6.357 10 55481.39125096 49.591
  84  87.815652  65.806695     6.351     5.489 10 55491.30688672 34.005
  85  87.816221  65.807632     4.128     4.095 10 55501.22252048 30.027
  86  87.815426  65.809709     4.792     4.776  9 55511.13816385 48.271
  87  87.812381  65.811439     6.055     6.028 10 55521.05381321 39.989
  88  87.812336  65.811703     5.554     5.495  9 55530.96946177 34.418
  89  87.812487  65.810948     5.054     5.120  9 55540.88510874 31.040
  90  87.812797  65.810484     4.972     4.961 10 55550.80075355 26.665
  91  87.813027  65.811124     5.809     5.792  9 55560.71639674 23.601
  92  87.814274  65.812335     6.194     6.181  9 55570.63203919 22.471
  93  87.813039  65.812699     8.717     8.358  9 55580.54768038 20.225
  94  87.814932  65.810869    10.488    11.091  9 55590.46331903 19.094
  95  87.813870  65.808333    10.044    10.366  9 55600.37895430 19.329
  96  87.817790  65.806565    10.794    11.326  9 55610.29458776 18.837
  97  87.816383  65.807646    11.533    11.617  9 55620.21021937 17.746
  98  87.813611  65.809938    11.883    11.850 10 55630.12587031 17.550
  99  87.810207  65.811312    10.713    11.176  9 55640.04152091 17.290
 100  87.810962  65.810194    10.333    11.812  9 55649.95716951 16.158
 101  87.816814  65.807364    12.191    12.294 10 55659.87281523 14.993
 102  87.816149  65.806159     5.410     5.400  9 55669.78845671 46.227
 103  87.815605  65.807385     9.526     9.488 10 55679.70409606 40.987
 104  87.815580  65.810074    18.945    19.147  9 55689.61973348 28.068
 105  87.810608  65.812470    19.441    19.778  9 55699.53536894 28.041
 106  87.811501  65.812657    15.576    15.598  9 55709.45100726 32.705
 107  87.810464  65.811590    10.613    10.607  9 55719.36665765 48.720
 108  87.811917  65.810895     6.733     6.744  9 55729.28230591 46.064
 109  87.814359  65.811125     5.628     5.626  9 55739.19795285 41.993
 110  87.814431  65.811915    14.644    15.690  9 55749.11359833 20.452
 111  87.809614  65.812238     7.335     6.629  9 55759.02924105 26.709
 112  87.810840  65.810839     9.910     8.888  9 55768.94488157 23.027
 113  87.813847  65.808444    13.872    12.985  9 55778.86051907 25.036
 114  87.816388  65.806905     7.929     7.918 10 55788.77615394 44.083
 115  87.815309  65.807717     6.691     6.746  9 55798.69178709 26.469
 116  87.815474  65.809397     9.372     7.006  9 55808.60743235 24.619
 117  87.812052  65.811026     6.998     7.037  9 55818.52308088 44.817
 118  87.813350  65.810446     7.358     5.874  9 55828.43872582 26.466
 119  87.816213  65.808479    15.192    15.556  9 55838.35436658 21.290
 120  87.816196  65.807043     7.158     5.206  9 55848.27000401 27.833
 121  87.815181  65.808080     9.961    11.388 10 55858.18563914 23.298
 122  87.810994  65.810668     4.782     4.808  9 55868.10128539 44.599
 123  87.813470  65.812460     6.060     6.044  9 55878.01693736 30.293
 133  87.813351  65.808107    10.822    14.073  9 55977.17336693 19.793
 134  87.813609  65.809708    12.816    14.175 10 55987.08900316 19.950
 135  87.812072  65.810725    14.507    14.143  9 55997.00464128 18.728
 136  87.813487  65.809845    12.737    12.614  9 56006.92029294 18.411
 137  87.815583  65.808197    15.587    15.249  9 56016.83594054 15.992
 139  87.814848  65.808677     9.344     7.619 10 56036.66722760 12.748
 141  87.809523  65.812525     6.349     6.375  9 56056.49850565 29.054
 142  87.809874  65.813068    16.805    16.800  9 56066.41413937 40.600
 143  87.814375  65.812093    16.670    16.683  9 56076.32978723 51.159
 144  87.813373  65.811611    20.400    20.995  9 56086.24543627 23.287
 145  87.812921  65.811424    19.611    20.053  9 56096.16108295 21.473
 146  87.814052  65.811173    14.977    14.766  9 56106.07672767 25.380
 147  87.815205  65.810307     7.886     4.937  9 56115.99235796 24.853
 148  87.815446  65.809391    12.522    13.071  9 56125.90799600 23.387
 149  87.812978  65.808654     4.927     4.840  9 56135.82362984 29.695
 150  87.814512  65.808331     4.062     4.078  9 56145.73927260 48.610
 151  87.813687  65.808794     3.550     3.579  9 56155.65492220 41.345
 152  87.814646  65.809486     3.755     3.685  9 56165.57057097 38.180
 153  87.814726  65.809735     3.759     3.677  9 56175.48621745 38.455
 154  87.814503  65.809429     4.455     4.200  9 56185.40185884 31.839
 155  87.814895  65.808687     3.904     3.853 10 56195.31749653 39.156
 156  87.813804  65.808902    12.690    13.374  9 56205.23313113 26.694
 157  87.813431  65.810254     7.111     6.409 10 56215.14876430 37.210
 158  87.808797  65.812407     3.717     3.694  9 56225.06440159 45.750
 159  87.809249  65.812987     8.025     7.186  9 56234.98005723 30.550
 160  87.809964  65.812606     8.280     7.956  9 56244.89570902 28.861
 161  87.812758  65.811749     9.060     8.659  9 56254.81135598 26.763
 162  87.814228  65.811604    11.136    11.154  9 56264.72699867 21.739
 165  87.813366  65.809934    11.928    11.984  9 56294.47393519 17.962
 166  87.815776  65.807944    13.091    12.367  9 56304.38958216 17.806
 167  87.816045  65.807309    14.552    15.030  9 56314.30522508 16.762
 168  87.813143  65.808457    11.798    12.029  9 56324.22086564 16.451
 169  87.812134  65.809979    11.457    12.040  9 56334.13650569 16.384
 170  87.812893  65.810355    11.636    11.731  9 56344.05214523 16.087
 171  87.813824  65.809727    11.676    12.266 10 56353.96778253 15.774
 172  87.815519  65.808598    10.421     9.840  9 56363.88342638 15.929
 173  87.814780  65.808451    11.172    11.219  9 56373.79907531 15.513
 175  87.810779  65.811438     9.417     9.337  9 56393.63036498 15.524
 176  87.812924  65.812218    16.680    15.854  9 56403.54600739  9.742
 177  87.809813  65.812613     4.917     4.878  9 56413.46164641 48.161
 178  87.809958  65.812168    13.750    13.793  9 56423.37728083 42.398
 179  87.810942  65.811842    20.532    20.643  9 56433.29292467 31.620
 180  87.814545  65.811516    19.515    19.759  9 56443.20857738 25.301
 181  87.810880  65.812101    17.857    18.903  9 56453.12422687 22.103
 182  87.812630  65.811276     9.048     9.005  9 56463.03987427 50.569
 184  87.815179  65.807707    13.924    14.539 10 56482.87115895 24.740
 185  87.817087  65.807316     5.694     5.712  9 56492.78679605 33.300
 187  87.810411  65.811188     4.770     4.936  9 56512.61806263 30.835
 188  87.810080  65.811603     4.173     3.947  9 56522.53371045 38.682
 189  87.813269  65.810163     4.259     4.518 10 56532.44936317 35.525
 191  87.815843  65.808280     8.508     7.489 10 56552.28065695 25.522
 192  87.815806  65.809959    10.544    12.632  9 56562.19629960 26.986
 193  87.808571  65.812667     5.199     4.748  9 56572.11194040 29.717
 194  87.809748  65.813865     4.364     4.283  8 56582.02758017 43.994
 195  87.810486  65.813347     4.433     4.245  8 56591.94321565 46.201
 196  87.812842  65.811579     5.977     5.982  9 56601.85886577 38.604
 197  87.813730  65.810576     6.283     6.288  9 56611.77451552 23.801
 198  87.810815  65.811476     6.651     6.162  9 56621.69016035 16.774
 199  87.814428  65.812097     8.567     8.638  9 56631.60580280 18.512
 200  87.812463  65.812020     7.027     5.910  9 56641.52144069 17.565
 201  87.813370  65.809829     9.964    11.666  9 56651.43708918 18.020
 202  87.817255  65.807268    12.616    13.002  9 56661.35273970 17.465
 203  87.817289  65.806707    12.292    12.222 10 56671.26838667 14.804
 205  87.812508  65.810945    12.067    12.040  9 56691.09967431 14.997
 206  87.813787  65.811535    11.991    12.443  9 56701.01531397 14.693
 207  87.811947  65.810404    11.287    12.852  9 56710.93094859 16.075
 208  87.815678  65.808689    11.286    11.236  9 56720.84659252 15.524
 209  87.814924  65.808516    12.030    11.950  9 56730.76224433 14.366
 211  87.811730  65.813014    12.498    12.648  9 56750.59353576 14.513
 212  87.809470  65.814231    14.033    14.621  8 56760.50917439 10.967
 213  87.810176  65.813521     5.718     5.651  8 56770.42480682 25.197
 214  87.809359  65.811646     7.821     7.863  9 56780.34045934 31.986
 215  87.815343  65.810035    18.271    18.309  9 56790.25611509 35.281
 216  87.814300  65.810271    17.486    17.510  9 56800.17176694 29.423
 217  87.811615  65.811445    14.256    14.299  9 56810.08741197 28.298
 219  87.815654  65.809838    14.718    14.730  9 56829.91868905 37.395
 220  87.816880  65.807865     9.723     9.657  9 56839.83432236 40.398
 221  87.816035  65.807513     6.738     6.759 10 56849.74995612 38.737
 222  87.815466  65.808763     5.766     5.704  9 56859.66561051 51.408
 223  87.812558  65.810990     5.475     5.525  9 56869.58126376 23.784
 224  87.812622  65.811712     5.989     5.981  9 56879.49691489 42.285
 225  87.813284  65.810586    15.583    16.065 10 56889.41256264 21.085
 226  87.814698  65.808797    16.325    15.568  9 56899.32820773 23.189
 227  87.814461  65.808767    14.941    14.750  9 56909.24385036 23.527
 228  87.810389  65.810911    14.806    15.102  9 56919.15949078 24.531
 229  87.812468  65.813199    12.522    13.027  9 56929.07512970 26.163
 230  87.811293  65.814356     5.599     5.515  9 56938.99076390 51.855
 231  87.810110  65.813653     4.852     4.845  9 56948.90639894 48.398
 232  87.814925  65.811210     6.096     6.103  9 56958.82205228 41.950
 233  87.812246  65.810195     5.709     5.754  9 56968.73769967 25.306
 234  87.813580  65.810401     6.367     5.945  9 56978.65334345 20.672
 235  87.811095  65.811502     6.934     5.656  9 56988.56898238 19.790
 236  87.812349  65.811640    11.061    10.936  9 56998.48461549 17.132
 237  87.812024  65.810338     8.885     8.390  9 57008.40026535 17.102
 238  87.815530  65.808270    10.129    10.382  9 57018.31591874 21.184
 239  87.815070  65.807680    11.330    11.773  9 57028.23156852 15.752
 240  87.815829  65.808736    13.746    13.261  9 57038.14721668 13.374
 241  87.814881  65.810421    14.855    14.779  9 57048.06286219 13.190
 242  87.811959  65.811567    12.687    13.144  9 57057.97850374 13.135
 243  87.814861  65.810941    12.528    12.888  9 57067.89414027 15.228
 244  87.813307  65.810535    12.687    12.768 10 57077.80977207 14.565
 245  87.813095  65.810855     8.507     8.954  9 57087.72540504 16.453
 246  87.814063  65.811890     8.277     8.665  9 57097.64106370 17.039
 247  87.809662  65.813516    12.159    12.359  9 57107.55671893 14.459
 248  87.812528  65.813649     5.422     5.274  9 57117.47236989 19.046
 249  87.813381  65.812578    27.429    27.632  9 57127.38801453  4.850
 250  87.810959  65.811384     4.757     5.017  9 57137.30365345 17.001
