# NaN NaN NaN ;Mean Elev.(m), Avg Gradient(m/km), RMS Gradient(m/km) - SRTM1     
#  -18.096 -11.447   9.975 ;Mean Elev.(m), Avg Gradient(m/km), RMS Gradient(m/km) - ASTER GDEM
#    1.000  -0.931   5.846 ;Mean Elev.(m), Avg Gradient(m/km), RMS Gradient(m/km) - GMTED2010 
   2  88.047598  65.593909     7.772     7.747  5 54672.21024973 48.415
   3  88.047011  65.595052   -16.970   -16.958  5 54682.12589339  7.551
   4  88.049089  65.595767     9.818     9.564  5 54692.04153604 28.376
   5  88.047190  65.594872   -14.074   -14.054  5 54701.95717586  9.157
   6  88.048062  65.593278    13.482     9.819  5 54711.87282367 26.486
   7  88.046760  65.591831    -6.391    -6.406  6 54721.78847451 25.068
   8  88.045016  65.591157     7.692     6.976  5 54731.70412282 31.182
   9  88.046323  65.592018     8.460     8.362  6 54741.61976987 31.104
  10  88.046821  65.592714    12.405    13.727  6 54751.53541677 26.431
  11  88.045418  65.592554     6.209     6.211  6 54761.45106325 33.079
  12  88.047222  65.591647     5.903     5.829  5 54771.36670759 44.851
  13  88.045231  65.590472     7.736     7.665  6 54781.28234843 42.107
  14  88.043701  65.589916     6.607     6.603  6 54791.19798676 40.928
  17  88.046475  65.592506     7.932     7.825  5 54820.94490217 18.628
  18  88.045564  65.592548    11.588    13.950  5 54830.86055426 18.025
  19  88.046569  65.593111    10.303    11.210  5 54840.77619307 17.654
  20  88.048870  65.594598     9.456     8.624  5 54850.69184231 15.898
  21  88.049160  65.596228    14.146    14.037  5 54860.60749098 13.837
  22  88.048374  65.596955    14.095    14.141  5 54870.52313962 13.105
  23  88.049394  65.595874    13.540    13.913  6 54880.43878701 13.119
  24  88.044626  65.592933    12.660    12.569  5 54890.35443057 12.536
  25  88.045920  65.591015    12.940    13.459  6 54900.27007168 12.843
  26  88.044921  65.591094    13.262    13.886  5 54910.18571058 13.048
  27  88.045425  65.592588    13.808    13.663  5 54920.10134843 12.536
  28  88.047702  65.593530    19.532    17.107  5 54930.01698599 10.756
  29  88.044899  65.592058    32.774    32.951  5 54939.93262188  9.128
  30  88.047473  65.590167     8.554     8.555  6 54949.84825662 31.871
  31  88.044816  65.588652    11.234    11.246  6 54959.76389504 27.429
  32  88.044555  65.589563    14.711    14.540  6 54969.67954363 38.492
  33  88.045467  65.591453    18.087    18.134  6 54979.59519124 33.683
  34  88.045101  65.592812    74.655    74.510  5 54989.51083854 17.519
  35  88.046629  65.593103    16.641    16.636  6 54999.42648599 27.542
  36  88.044846  65.592843    11.813    11.210  5 55009.34213132 26.387
  37  88.045271  65.592962     9.358     9.339  5 55019.25777513 52.838
  38  88.046196  65.594194     7.386     7.340  5 55029.17341771 52.267
  39  88.049940  65.595874     6.403     6.376  5 55039.08905996 53.872
  40  88.050257  65.596300     7.903     6.806  5 55049.00470057 30.382
  41  88.048533  65.594492     6.487     6.598  5 55058.92033882 31.345
  42  88.045280  65.591448     5.969     5.993  5 55068.83597758 46.915
  43  88.044399  65.589545     7.259     6.526  6 55078.75162722 30.679
  44  88.043445  65.589833     6.092     6.079  6 55088.66727481 35.351
  45  88.047220  65.592083    11.265     7.754  6 55098.58292151 29.287
  46  88.048485  65.593756     7.399     7.530  5 55108.49856747 28.825
  47  88.045855  65.592937     8.432     9.385  5 55118.41421194 28.640
  48  88.043751  65.590519     5.941     5.915  6 55128.32985400 48.271
  49  88.045576  65.588910     7.162     7.134  6 55138.24549432 46.494
  50  88.045490  65.589299     7.012     7.005  6 55148.16113297 38.287
  51  88.045731  65.591466    11.955    13.634  5 55158.07677114 23.424
  52  88.046504  65.593312    12.964    13.167  5 55167.99240914 20.437
  53  88.046078  65.593543    13.303    13.773  6 55177.90804629 18.851
  54  88.046040  65.592638    13.932    13.904  6 55187.82369070 17.840
  55  88.046815  65.592682    12.927    13.065  6 55197.73934156 17.396
  56  88.046391  65.593913    12.809    13.194  5 55207.65499135 16.679
  57  88.046451  65.595639    13.217    13.504  5 55217.57064067 14.426
  58  88.047335  65.596142    13.641    13.951  6 55227.48628934 13.369
  59  88.047454  65.594572    14.024    14.193  6 55237.40193503 13.311
  60  88.047108  65.591742    14.072    14.000  6 55247.31757713 12.654
  61  88.047006  65.589846    13.859    13.902  6 55257.23321676 12.737
  62  88.047733  65.590303    16.428    13.892  6 55267.14885563 11.863
  63  88.047382  65.592197    16.660    13.363  5 55277.06449389 12.531
  64  88.047145  65.593200    23.504    24.485  6 55286.98013098 11.987
  65  88.044884  65.592029    20.330    22.656  6 55296.89576552 12.130
  66  88.045915  65.589890    14.141    10.410  6 55306.81140644 16.582
  67  88.043452  65.588419    10.558    10.562  6 55316.72705281 23.605
  68  88.043697  65.589235     8.959     8.902  6 55326.64269830 29.104
  69  88.047044  65.591776    16.549    16.514  6 55336.55834317 34.117
  70  88.048349  65.593822    18.630    18.615  5 55346.47398737 46.308
  71  88.048733  65.594303    17.370    17.333  5 55356.38963007 28.100
  72  88.046712  65.593673    20.610    22.471  6 55366.30527048 25.067
  73  88.044648  65.592987    10.390    10.397  5 55376.22090940 29.647
  74  88.046198  65.593444    10.208    10.276  6 55386.13654772 27.639
  75  88.046096  65.594050     7.811     7.804  6 55396.05218500 43.252
  76  88.047483  65.594266     7.434     7.398  6 55405.96782618 35.615
  77  88.047149  65.593240     7.987     8.007  6 55415.88347739 29.703
  78  88.045850  65.591052     9.002     9.286  6 55425.79912519 27.430
  79  88.047069  65.589656    25.560    24.397  6 55435.71477060 22.355
  80  88.044954  65.589767    11.337    11.290  6 55445.63041447 24.167
  81  88.047375  65.591573     9.049     9.443  6 55455.54605807 29.246
  82  88.046497  65.592882     9.209     8.752  6 55465.46170063 28.353
  83  88.044594  65.592218     9.801     9.283  5 55475.37734007 27.717
  84  88.044094  65.590215    19.504    20.748  6 55485.29297649 26.483
  85  88.045990  65.588685     6.150     6.151  6 55495.20861101 31.864
  86  88.043589  65.588900     5.782     5.681  6 55505.12424448 49.858
  87  88.045501  65.591381     5.972     6.002  6 55515.03989526 39.907
  88  88.046223  65.593557     6.809     6.830  5 55524.95554502 32.525
  89  88.046495  65.594339     6.319     6.325  6 55534.87119276 27.287
  90  88.047103  65.594028     5.930     5.924  5 55544.78683850 23.456
  91  88.046120  65.593725     8.558     8.369  6 55554.70248222 20.774
  92  88.045981  65.594170     7.066     7.087  6 55564.61812511 26.474
  93  88.046895  65.594533     9.781     9.596  5 55574.53376750 19.223
  94  88.046466  65.593691    12.339    11.430  6 55584.44940819 17.182
  95  88.046778  65.592010    11.710    11.979  5 55594.36504551 16.472
  96  88.045481  65.590154    14.406    14.434  6 55604.28067936 15.595
  97  88.043088  65.589137    14.055    14.157  6 55614.19631104 15.813
  98  88.045805  65.589832    14.265    14.416  5 55624.11194959 14.742
  99  88.046273  65.591071    14.384    14.508  6 55634.02760226 14.140
 100  88.046164  65.591560    13.935    13.803  5 55643.94325260 13.945
 101  88.045931  65.591212    12.878    12.969  5 55653.85890005 13.442
 102  88.043865  65.590054    10.001     9.640  6 55663.77454286 15.108
 103  88.045404  65.589870     7.097     7.006  5 55673.69018309 42.236
 104  88.046843  65.590663    14.712    14.554  6 55683.60582185 48.226
 105  88.046661  65.591960    17.969    17.984  5 55693.52145919 43.202
 106  88.045678  65.592918    19.499    16.451  5 55703.43709495 28.550
 107  88.047402  65.593566    15.031    14.999  5 55713.35273994 26.343
 108  88.045887  65.593636    12.509    13.480  6 55723.26838908 24.902
 109  88.048415  65.594156     9.323     9.432  5 55733.18403661 26.372
 110  88.047141  65.594341     6.540     6.537  6 55743.09968250 49.897
 111  88.048507  65.594274     7.446     7.499  5 55753.01532725 45.889
 112  88.045430  65.592773    14.890     9.668  5 55762.93096923 25.606
 113  88.045135  65.591126     9.002     9.547  6 55772.84660866 28.022
 114  88.045897  65.589821     8.733     8.885  6 55782.76224472 28.745
 115  88.043358  65.589596     9.916     9.956  6 55792.67787801 26.582
 116  88.046734  65.590610     8.296     8.280  6 55802.59351275 39.752
 117  88.044519  65.591315    18.480    20.055  5 55812.50916258 25.764
 118  88.044451  65.591141    18.537    17.970  6 55822.42481088 25.204
 119  88.045778  65.590337    13.934     9.705  5 55832.34045449 25.643
 120  88.046616  65.589633    21.510    20.918  6 55842.25609360 24.501
 121  88.045678  65.589800    21.885    23.796  5 55852.17172950 21.194
 122  88.047513  65.591308     6.365     6.286  6 55862.08736371 42.089
 123  88.046709  65.592936     6.988     6.999  6 55872.00301821 45.678
 133  88.044895  65.590450    14.488    14.465  5 55971.15945676 16.274
 134  88.046675  65.592022    14.074    14.075  5 55981.07509310 16.934
 135  88.044438  65.591790    14.233    14.279  6 55990.99072779 17.144
 136  88.044171  65.590817    14.392    14.472  6 56000.90637314 16.521
 137  88.046180  65.589780    14.475    14.499  6 56010.82202360 14.636
 138  88.044850  65.589601    34.927    34.814  5 56020.73766991  8.143
 139  88.046639  65.591091    32.749    32.479  6 56030.65331366  7.943
 141  88.044646  65.593907     7.438     7.369  5 56050.48459454 31.656
 142  88.044372  65.593805    10.916    10.909  5 56060.40023123 42.005
 143  88.045477  65.592840    17.126    16.983  5 56070.31586795 28.009
 144  88.045066  65.592839    16.547    16.514  5 56080.23151879 39.635
 145  88.048331  65.593955    17.813    14.958  5 56090.14716729 23.438
 146  88.047916  65.594926    11.239     9.859  6 56100.06281298 26.733
 147  88.048614  65.594537     6.560     6.558  5 56109.97844462 41.407
 148  88.046781  65.592217     6.327     6.354  6 56119.89408444 31.522
 149  88.045790  65.589544     5.071     5.092  5 56129.80972066 38.200
 150  88.044323  65.588316     5.167     5.141  6 56139.72535377 41.154
 151  88.047485  65.590351     6.893     7.350  6 56149.64100424 31.317
 152  88.046504  65.592528    11.453    11.495  6 56159.55665335 25.588
 153  88.047782  65.593379     4.684     4.708  5 56169.47230125 40.968
 154  88.046380  65.591839    10.949     9.412  6 56179.38794536 27.209
 155  88.043939  65.589748     6.062     5.350  6 56189.30358514 31.674
 156  88.045443  65.589349    14.421    12.579  6 56199.21922219 26.354
 157  88.046535  65.591003     4.768     4.785  6 56209.13485659 33.036
 158  88.046158  65.593150     4.831     4.412  5 56219.05048912 34.776
 159  88.047831  65.594814     5.806     5.838  5 56228.96613645 43.250
 160  88.045232  65.594283     5.412     5.524  5 56238.88178994 40.480
 161  88.046423  65.593480     4.587     4.531  6 56248.79743989 40.640
 162  88.047228  65.592947     4.885     4.909  5 56258.71308494 33.813
 163  88.046773  65.593608     6.952     6.947  5 56268.62872698 25.751
 164  88.045404  65.594152     9.221     8.904  5 56278.54436723 23.116
 165  88.047818  65.594421    12.358    12.643  6 56288.46001701 19.220
 166  88.047418  65.592519    13.785    13.610  5 56298.37566572 16.928
 167  88.045612  65.590106    11.685    10.953  5 56308.29131034 17.691
 168  88.046016  65.589243    11.263    10.479  6 56318.20695264 17.071
 169  88.045362  65.590700    12.963    13.257  6 56328.12259368 16.169
 170  88.046608  65.592791    11.797    11.846  6 56338.03823394 16.467
 171  88.047832  65.593512    12.629    13.349  5 56347.95387225 15.137
 172  88.045949  65.591784    12.217    12.474  5 56357.86950742 15.311
 173  88.047146  65.590268    13.273    13.137  6 56367.78515692 14.958
 175  88.045455  65.591971    13.658    13.747  6 56387.61645061 13.783
 176  88.047469  65.594704    12.007    11.600  5 56397.53209436 14.884
 177  88.047853  65.595976    10.600    11.605  5 56407.44773561 19.448
 178  88.047925  65.595264     6.901     6.890  6 56417.36337284 35.290
 179  88.047184  65.593321    18.669    18.544  5 56427.27900524 37.501
 180  88.047160  65.592770    19.262    19.154  5 56437.19465752 30.785
 181  88.047609  65.593439    15.495    15.443  5 56447.11030911 24.279
 182  88.048405  65.594562    11.910    11.962  5 56457.02595848 39.652
 183  88.047238  65.594279    13.156     9.636  6 56466.94160440 24.351
 184  88.046994  65.592639     7.139     7.102  6 56476.85724633 38.029
 185  88.044754  65.590213     6.646     6.653  5 56486.77288440 43.156
 187  88.047401  65.590443     5.390     5.411  6 56506.60415474 51.462
 188  88.047249  65.592039     8.203     7.539  6 56516.51978972 29.974
 189  88.044802  65.592822     6.133     5.921  5 56526.43544410 31.706
 190  88.046411  65.592359     8.295     8.189  5 56536.35109463 27.666
 192  88.047159  65.591147     6.878     6.780  6 56556.18238512 51.676
 193  88.045691  65.592488    13.024    13.914  6 56566.09802774 26.849
 194  88.047037  65.594685     8.317     9.204  5 56576.01366930 28.061
 195  88.047873  65.595694     5.071     5.031  6 56585.92930752 32.091
 196  88.046957  65.594912     5.498     5.538  5 56595.84494537 40.680
 197  88.047943  65.594018     7.461     7.481  5 56605.76059779 41.006
 198  88.044469  65.592975     7.610     7.665  5 56615.67624497 25.300
 199  88.045254  65.593067    13.231    14.368  5 56625.59188899 16.442
 200  88.045985  65.593309    13.322    14.055  5 56635.50753026 15.967
 201  88.046614  65.592970    14.344    14.391  5 56645.42316914 14.640
 202  88.047178  65.592188    18.641    14.783  6 56655.33882175 13.458
 203  88.046707  65.590888    15.408    15.285  5 56665.25446994 13.725
 205  88.045245  65.591317    14.756    14.622  5 56685.08575991 13.481
 206  88.047507  65.592745    16.649    14.072  5 56695.00140264 11.922
 207  88.047194  65.593060    12.633    12.219  5 56704.91704060 12.577
 208  88.047203  65.592144    13.946    13.821  5 56714.83267311 12.199
 209  88.045515  65.591614    75.408    75.503  6 56724.74832458  3.369
 211  88.047213  65.594025    17.293    16.537  5 56744.57962147 13.887
 212  88.047245  65.595413    19.466    16.842  5 56754.49526392  6.695
 213  88.047574  65.595547     6.407     6.354  5 56764.41090083 31.802
 214  88.048560  65.594630     7.388     7.328  5 56774.32653702 32.185
 215  88.044786  65.593933    10.216    10.187  5 56784.24219374 34.842
 216  88.047015  65.594163    18.678    18.741  6 56794.15784737 31.606
 217  88.046022  65.594303    17.866    17.854  5 56804.07349735 48.040
 218  88.046536  65.593916    22.505    22.957  5 56813.98914004 23.512
 219  88.046544  65.592792    15.804    15.784  6 56823.90477916 50.277
 220  88.047331  65.591578    67.871    71.038  6 56833.82041432 17.138
 221  88.045429  65.590627     9.892     9.791  6 56843.73604583 50.274
 222  88.046420  65.591147     8.972     9.455  6 56853.65168858 26.415
 223  88.046105  65.592124     6.318     6.290  5 56863.56734253 35.550
 224  88.047551  65.592933     7.222     7.179  5 56873.48299606 29.277
 225  88.047378  65.592984     6.877     6.874  5 56883.39864624 51.442
 226  88.044310  65.592562    13.705     9.695  5 56893.31429276 26.016
 227  88.045040  65.592814    19.743    24.038  5 56903.22993646 24.584
 228  88.047222  65.594127    20.382    20.115  5 56913.14557835 22.048
 229  88.048691  65.595326    10.367    10.048  6 56923.06121848 28.121
 230  88.048750  65.595788    12.958    14.209  5 56932.97685604 30.411
 231  88.046154  65.594807    13.031    14.477  5 56942.89248802 26.328
 232  88.046710  65.593901     5.769     5.731  5 56952.80813294 45.924
 233  88.045581  65.593390     6.752     6.786  6 56962.72378343 32.120
 234  88.048623  65.593938    15.216    14.854  5 56972.63942951 17.502
 235  88.046231  65.593950    12.764    12.191  5 56982.55507087 14.507
 236  88.045939  65.593188    13.793    14.073  6 56992.47070781 14.167
 237  88.047303  65.591499    13.928    13.842  6 57002.38634232 14.495
 238  88.044715  65.590396    15.968    16.366  5 57012.30199915 14.916
 239  88.046075  65.590548    25.297    25.210  6 57022.21765072 11.992
 240  88.046549  65.592014    26.751    27.084  5 57032.13329948 11.967
 241  88.048050  65.593387    26.287    26.842  5 57042.04894623 11.819
 242  88.046624  65.593515    24.457    24.685  5 57051.96459050 10.975
 243  88.045355  65.592368    15.389    15.416  5 57061.88023044 10.990
 244  88.046213  65.591584    18.396    14.915  5 57071.79586521 12.043
 245  88.044552  65.591749    27.826    27.340  5 57081.71149564 10.032
 246  88.046987  65.593860    29.481    29.582  6 57091.62714018  9.289
 247  88.046591  65.595938    27.344    26.887  5 57101.54279768 11.333
 248  88.048815  65.596519    28.990    28.876  6 57111.45845199 10.456
 249  88.045936  65.594863    34.281    34.341  5 57121.37409995  8.436
 250  88.045455  65.593183    10.398    10.399  5 57131.28974245 19.169
