# NaN NaN NaN ;Mean Elev.(m), Avg Gradient(m/km), RMS Gradient(m/km) - SRTM1     
#   57.805  -4.997   9.208 ;Mean Elev.(m), Avg Gradient(m/km), RMS Gradient(m/km) - ASTER GDEM
#   68.861  -5.017   8.403 ;Mean Elev.(m), Avg Gradient(m/km), RMS Gradient(m/km) - GMTED2010 
   1  92.282274  58.397385    69.706    69.704  3 54668.14680935 29.651
   2  92.278731  58.397380    69.777    69.618  3 54678.06245334 46.898
   3  92.279334  58.399318    96.242    96.353  3 54687.97809667  8.857
   4  92.281043  58.400045    69.182    68.977  3 54697.89373797 37.103
   5  92.282428  58.398659   115.189   123.964  3 54707.80937989 11.131
   6  92.280642  58.396340    69.258    69.267  3 54717.72503110 41.701
   7  92.281471  58.395432    70.056    70.109  3 54727.64068027 32.319
   8  92.281978  58.396485    69.471    69.511  4 54737.55632819 35.010
   9  92.280008  58.398013    89.969    88.460  3 54747.47197571 22.979
  10  92.277794  58.399045    85.686    87.754  3 54757.38762280 25.426
  11  92.280731  58.400044    68.695    68.746  3 54767.30326835 35.866
  12  92.281005  58.397438    68.396    68.438  3 54777.21890986 48.103
  13  92.283027  58.395753    69.042    69.162  4 54787.13454920 40.466
  14  92.282090  58.394685   112.721   112.102  3 54797.05018715 16.098
  17  92.280516  58.397195    75.149    75.119  3 54826.79711106 37.884
  18  92.279335  58.397705    77.894    77.925  3 54836.71275011 34.322
  19  92.278155  58.398993    77.485    77.523  3 54846.62839963 29.194
  20  92.277537  58.400537    76.725    76.652  3 54856.54404871 26.996
  21  92.277063  58.402064    76.798    76.751  3 54866.45969786 22.982
  22  92.277515  58.402421    76.256    76.235  3 54876.37534642 22.190
  23  92.277308  58.400669    76.533    76.517  3 54886.29099168 20.919
  24  92.279053  58.399161    76.458    76.472  3 54896.20663369 21.929
  25  92.281908  58.399005    76.070    76.018  3 54906.12227324 21.150
  26  92.280056  58.397837    76.048    76.095  3 54916.03791096 18.674
  27  92.282233  58.399099    78.316    79.118  3 54925.95354910 28.716
  28  92.280712  58.397876    73.812    73.475  3 54935.86918587 50.395
  29  92.281374  58.396149    71.338    71.231  3 54945.78482085 50.086
  30  92.284467  58.394094    73.613    73.629  3 54955.70045346 36.981
  31  92.286531  58.394719    74.998    75.600  3 54965.61610147 32.767
  32  92.286041  58.395887    72.970    72.970  3 54975.53174952 39.600
  33  92.281997  58.396443    71.949    72.018  4 54985.44739705 46.642
  34  92.282073  58.398257    92.959    95.012  3 54995.36304516 18.974
  35  92.282218  58.399358    70.750    70.738  3 55005.27869167 38.656
  36  92.279587  58.398835    71.281    71.212  3 55015.19433547 40.150
  37  92.280388  58.399910    70.360    70.482  3 55025.10997835 45.518
  38  92.278258  58.400157    71.413    69.672  3 55035.02562026 26.707
  39  92.278453  58.400140    70.338    70.240  3 55044.94126154 50.574
  40  92.280122  58.398603    70.126    70.096  3 55054.85690099 23.744
  41  92.282302  58.396055    70.464    70.507  3 55064.77253809 40.725
  42  92.283070  58.395598    70.703    70.719  3 55074.68818526 29.423
  43  92.280801  58.395646    70.048    70.062  3 55084.60383298 27.676
  44  92.282069  58.398179    70.229    70.203  3 55094.51947990 48.569
  45  92.280908  58.398717    70.121    70.170  3 55104.43512623 46.733
  46  92.278549  58.397621    70.346    70.245  3 55114.35077202 41.434
  47  92.280000  58.396972    87.177    93.316  3 55124.26641577 19.338
  48  92.281952  58.396475    69.749    69.683  4 55134.18205675 48.310
  49  92.280909  58.395272    69.394    69.257  3 55144.09769515 43.591
  50  92.280342  58.395591    69.091    68.872  3 55154.01333306 46.105
  51  92.280756  58.396352    69.726    69.750  3 55163.92897142 40.494
  52  92.280520  58.396307    70.180    70.261  3 55173.84460934 39.843
  53  92.281500  58.395905    98.574    98.574  2 55183.76024762  0.550
  54  92.281166  58.397552    75.361    75.369  3 55193.67589895 17.866
  55  92.278807  58.399147    75.476    75.521  3 55203.59154889 17.141
  56  92.278859  58.401548    75.824    75.824  3 55213.50719858 16.630
  57  92.279432  58.402408    75.942    75.959  3 55223.42284768 15.916
  58  92.277244  58.399819    75.529    75.545  3 55233.33849453 16.735
  59  92.280598  58.398311    75.542    75.639  3 55243.25413881 15.464
  60  92.282886  58.397735    75.108    74.951  3 55253.16977986 13.805
  61  92.282741  58.398314    75.025    75.031  3 55263.08541864 14.862
  62  92.280199  58.398651    75.226    75.174  3 55273.00105612 14.263
  63  92.278998  58.397813    86.707    90.079  3 55282.91669322 12.130
  64  92.281246  58.396202    91.287    91.757  3 55292.83232924 11.347
  66  92.287220  58.395363    70.478    70.308  3 55312.66361289 45.904
  67  92.284118  58.395572    72.632    72.635  3 55322.57925801 35.307
  68  92.281971  58.397080    75.277    75.302  3 55332.49490225 47.775
  69  92.282095  58.398998    79.909    76.032  3 55342.41054676 25.877
  70  92.281583  58.398779    94.486    94.060  3 55352.32619065 22.323
  71  92.281272  58.397954    89.607    86.999  3 55362.24183228 21.414
  72  92.281269  58.397986    74.480    75.521  3 55372.15747201 23.579
  74  92.281113  58.399522    71.148    71.312  3 55391.98874793 50.313
  75  92.279515  58.397427    70.511    70.401  3 55401.90438351 32.251
  76  92.281169  58.396499    69.902    69.905  3 55411.82003384 27.727
  77  92.283604  58.395443    70.368    70.498  3 55421.73568339 39.496
  78  92.283705  58.394765    70.106    70.154  3 55431.65133003 28.352
  79  92.280891  58.395737    93.826    93.629  3 55441.56697460 17.846
  80  92.279630  58.397828    81.714    75.842  3 55451.48261803 22.765
  81  92.281889  58.399702    83.627    86.892  3 55461.39826109 22.279
  82  92.281279  58.397236    69.695    69.737  3 55471.31390188 37.688
  83  92.285345  58.395916    92.348    92.977  3 55481.22954033 19.589
  84  92.284689  58.393498    90.013    90.294  3 55491.14517576 17.962
  85  92.284712  58.393768    69.458    69.566  3 55501.06080955 48.750
  86  92.282806  58.395847    69.263    69.291  4 55510.97645283 33.334
  87  92.279482  58.397287    69.260    69.261  3 55520.89210231 33.950
  88  92.279840  58.398467    68.317    68.508  3 55530.80775098 37.674
  89  92.281887  58.399050    71.327    71.231  3 55540.72339810 33.333
  90  92.282173  58.399187    73.718    73.653  3 55550.63904290 21.243
  91  92.280084  58.399768    73.980    73.528  3 55560.55468606 20.444
  92  92.279112  58.400866    73.889    73.324  3 55570.47032864 18.317
  93  92.279754  58.400728    74.156    73.667  3 55580.38597019 18.283
  94  92.280122  58.397569    73.135    73.182  3 55590.30160841 17.452
  95  92.283002  58.394177    72.896    72.924  3 55600.21724367 15.361
  96  92.288085  58.393592    72.220    72.196  3 55610.13287718 16.936
  97  92.288076  58.393820    72.229    72.274  3 55620.04850889 17.028
  98  92.282718  58.395763    72.015    72.035  4 55629.96415939 16.486
  99  92.279493  58.396475    72.747    72.207  3 55639.87980995 15.307
 100  92.280862  58.395964    72.126    72.087  3 55649.79545832 25.612
 102  92.287228  58.395440    70.360    70.261  3 55669.62674527 47.806
 103  92.282490  58.394861    96.033    96.337  3 55679.54238423 22.357
 104  92.280012  58.395996    95.996    95.960  3 55689.45802179 21.015
 105  92.282489  58.398054    94.586    94.040  3 55699.37365846 21.054
 106  92.281251  58.396593    81.770    75.987  3 55709.28929629 24.255
 107  92.281623  58.396890    69.867    69.830  4 55719.20494696 50.116
 108  92.281165  58.397532    69.701    69.638  4 55729.12059517 48.510
 109  92.280961  58.398812    69.473    69.436  3 55739.03624200 25.754
 110  92.280020  58.399671    71.303    69.563  3 55748.95188742 24.822
 111  92.280003  58.399270    69.787    69.805  3 55758.86753038 27.701
 112  92.281149  58.397411    69.826    69.768  4 55768.78317046 41.353
 113  92.284705  58.395602    69.714    69.815  3 55778.69880761 46.789
 114  92.287839  58.394547    70.048    69.992  3 55788.61444236 39.467
 115  92.286414  58.393703    69.902    69.959  3 55798.53007554 33.250
 116  92.285679  58.395939    85.915    88.811  3 55808.44572101 21.599
 117  92.283485  58.397075    69.827    69.818  3 55818.36137011 33.982
 118  92.283477  58.396122    69.518    69.546  3 55828.27701506 32.951
 119  92.285648  58.394724    69.519    69.247  3 55838.19265575 41.359
 120  92.287354  58.393871    69.343    69.279  3 55848.10829333 49.397
 121  92.285238  58.393597    69.532    69.526  3 55858.02392837 44.426
 122  92.283233  58.396176    69.265    69.246  3 55867.93957482 35.439
 123  92.279019  58.397461    68.988    68.981  3 55877.85522634 38.399
 133  92.282175  58.395110    75.963    75.961  3 55977.01165625 16.802
 134  92.283944  58.396249    75.166    75.157  3 55986.92729264 18.699
 135  92.283635  58.395438    74.909    74.909  4 55996.84293024 18.185
 136  92.283034  58.395251    74.407    74.365  3 56006.75858149 17.624
 137  92.284843  58.395557    93.314    93.158  3 56016.67422894  8.695
 139  92.282197  58.397254    71.134    71.014  3 56036.50551620 46.939
 141  92.280167  58.398071    79.945    72.400  3 56056.33679514 30.348
 142  92.283150  58.397887    93.640    94.388  3 56066.25242927 21.192
 143  92.281371  58.397412    69.885    69.795  3 56076.16807622 48.815
 144  92.280352  58.398349    70.089    70.106  3 56086.08372538 50.177
 145  92.278406  58.398097    69.668    69.670  3 56095.99937182 29.843
 146  92.280319  58.398452    69.674    69.831  3 56105.91501654 41.378
 147  92.281829  58.397323    71.124    69.407  3 56115.83064653 22.003
 148  92.283645  58.395943    69.713    69.772  3 56125.74628437 30.649
 149  92.284986  58.394408    69.462    69.207  3 56135.66191824 33.354
 150  92.286745  58.395574    68.241    68.466  3 56145.57756092 26.691
 151  92.282727  58.395619    69.508    69.547  3 56155.49321047 40.882
 152  92.283495  58.397465    69.434    69.292  3 56165.40885976 36.455
 153  92.282654  58.397268    69.001    69.009  3 56175.32450640 30.052
 154  92.281343  58.395616    69.318    69.325  3 56185.24014769 39.382
 155  92.284788  58.395971    75.319    75.280  3 56195.15578587 19.310
 156  92.284558  58.395767    68.134    67.815  3 56205.07142061 31.089
 157  92.282401  58.395392    68.052    68.105  3 56214.98705357 37.485
 158  92.283531  58.396777    68.409    68.399  3 56224.90269114 49.337
 159  92.280125  58.397039    71.510    68.062  3 56234.81834640 45.603
 160  92.279962  58.397589    67.548    67.571  3 56244.73399811 41.861
 161  92.278967  58.397489    68.191    68.148  3 56254.64964470 33.659
 162  92.280310  58.398783    68.390    68.393  3 56264.56528766 37.536
 165  92.281034  58.397418    73.908    73.816  3 56294.31222452 16.321
 166  92.283574  58.396928    73.987    74.289  3 56304.22787159 15.623
 167  92.281927  58.396071    73.498    73.696  3 56314.14351428 14.836
 168  92.280848  58.396951    78.019    74.443  3 56324.05915511 14.157
 169  92.280082  58.397660    74.441    74.856  3 56333.97479517 12.335
 170  92.282123  58.397606    73.266    72.742  3 56343.89043468 13.864
 171  92.282781  58.395348    73.433    73.583  3 56353.80607145 12.311
 172  92.284976  58.395135    76.153    75.819  3 56363.72171483 11.809
 173  92.284108  58.396319    78.551    78.416  3 56373.63736383  9.036
 175  92.280422  58.400327    72.245    72.197  3 56393.46865441 23.551
 176  92.280436  58.400661    73.738    71.630  3 56403.38429688 39.184
 177  92.278072  58.398247    72.540    72.525  3 56413.29993586 39.013
 178  92.282591  58.397587    95.218    95.978  3 56423.21557073 23.556
 179  92.281363  58.397029    71.735    71.687  3 56433.13121395 49.427
 180  92.279336  58.398637    70.526    70.509  3 56443.04686632 35.911
 181  92.279184  58.400504    70.460    70.480  3 56452.96251630 33.400
 182  92.281118  58.400687    71.294    71.295  3 56462.87816359 45.920
 184  92.281277  58.395247    68.937    69.495  3 56482.70944696 28.706
 185  92.282781  58.394965    69.706    69.741  3 56492.62508396 28.905
 187  92.282505  58.395560    69.217    69.332  3 56512.45635163 30.171
 188  92.281505  58.395579    70.179    70.245  3 56522.37199929 38.542
 189  92.282865  58.395914    70.731    70.737  3 56532.28765213 28.812
 191  92.283994  58.396748    69.772    69.757  3 56552.11894620 43.865
 192  92.279255  58.397379    70.119    69.921  3 56562.03458854 37.546
 193  92.279940  58.400228    69.572    69.516  3 56571.95023046 27.105
 194  92.280130  58.400616    71.802    72.426  3 56581.86587018 23.637
 195  92.280547  58.397698    69.086    68.945  3 56591.78150515 31.490
 196  92.280959  58.396697    75.031    75.012  3 56601.69715451 22.373
 197  92.279531  58.396627    69.130    69.023  3 56611.61280406 34.702
 198  92.278437  58.397946    68.802    68.697  3 56621.52844942 46.650
 199  92.278501  58.399183    69.417    69.383  3 56631.44409194 45.195
 200  92.282039  58.399155    68.385    68.529  3 56641.35973062 47.014
 201  92.282870  58.397001    69.142    69.175  3 56651.27537867 42.449
 202  92.282779  58.395299    69.036    68.843  3 56661.19102873 44.632
 203  92.282635  58.395668    69.819    69.861  3 56671.10667578 42.426
 205  92.281078  58.399619    73.031    72.941  3 56690.93796413 17.083
 206  92.280892  58.398670    72.781    72.752  3 56700.85360340 16.970
 207  92.283230  58.396226    73.880    72.959  3 56710.76923791 14.845
 208  92.283726  58.395286    73.484    72.896  3 56720.68488088 14.035
 209  92.282310  58.396858    73.828    72.917  3 56730.60053285 13.081
 211  92.278275  58.401514    73.859    73.859  2 56750.43182531 35.245
 212  92.279472  58.401609    70.302    70.174  3 56760.34746453 47.387
 213  92.280003  58.398371    88.914    89.238  3 56770.26309670 27.486
 214  92.282084  58.398627    71.904    71.895  3 56780.17874910 36.894
 215  92.278459  58.398034    79.805    75.350  3 56790.09440386 26.889
 216  92.280592  58.401318    70.095    70.106  3 56800.01005639 38.749
 217  92.279509  58.402305    70.153    70.175  3 56809.92570167 46.628
 219  92.279834  58.397828    70.464    70.466  3 56829.75697742 47.330
 220  92.282533  58.394606    70.418    70.332  3 56839.67261029 43.923
 221  92.287588  58.394800    70.007    70.180  3 56849.58824426 43.303
 222  92.283725  58.396619    70.163    70.308  3 56859.50389877 43.360
 223  92.279882  58.398511    94.901    94.908  3 56869.41955244 20.291
 224  92.280692  58.400341    69.774    69.784  3 56879.33520415 41.049
 225  92.280834  58.399723    94.735    94.609  3 56889.25085197 17.732
 226  92.279315  58.397966    70.092    70.087  3 56899.16649668 46.117
 227  92.278997  58.398734    69.558    69.655  3 56909.08213947 49.536
 228  92.280505  58.401458    69.559    69.526  3 56918.99778081 48.462
 229  92.279568  58.402305    69.506    69.400  3 56928.91341954 39.871
 230  92.280520  58.401392    69.393    69.464  3 56938.82905378 39.824
 231  92.281922  58.398819    69.567    69.445  3 56948.74468816 47.313
 232  92.280086  58.397385    67.911    67.758  3 56958.66034065 36.672
 233  92.279513  58.397283    68.348    68.284  3 56968.57598831 41.517
 234  92.281418  58.398827    67.489    67.444  3 56978.49163258 45.223
 235  92.282002  58.399187    67.958    67.990  3 56988.40727215 37.620
 236  92.282206  58.397015    75.053    75.088  3 56998.32290516 18.292
 237  92.282580  58.396177    74.229    73.520  3 57008.23855467 17.213
 238  92.282012  58.395468    73.553    73.486  3 57018.15420773 21.166
 239  92.280602  58.395478    74.611    74.490  3 57028.06985744 13.494
 240  92.279233  58.396849    86.532    86.738  3 57037.98550554 13.246
 241  92.281169  58.399266    77.353    72.814  3 57047.90115156 16.062
 242  92.280675  58.398870    73.851    72.662  3 57057.81679315 15.225
 243  92.281023  58.397093    83.767    86.038  3 57067.73242907 11.328
 244  92.282812  58.396208    81.198    77.416  3 57077.64806101 11.452
 245  92.284343  58.396235    74.150    74.679  3 57087.56369372 13.538
 246  92.279792  58.398249    72.685    72.650  3 57097.47935235 17.693
 247  92.277935  58.400439    72.579    72.556  3 57107.39500837 17.787
 248  92.276791  58.400335    92.388    93.601  3 57117.31065919 20.776
 249  92.279300  58.400128    70.183    70.082  3 57127.22630409 38.865
 250  92.280293  58.398838    71.704    71.728  3 57137.14194320 43.887
